Z,N,Halflife,Alpha,DeltaAlpha,Intens,DeltaIntens
52,53,6.20E-07,4703,5,100,14
52,54,5.10E-05,4128,9,100,0
52,55,0.0031,3690,5,0.33,15
52,55,0.0031,3853,13,7.00E+01,0.00
52,56,2.1,3318,4,49,0
52,57,4.4,3040,30,3.9,0
52,58,18.6,2624,15,6.70E-04,0
53,56,9.28E-05,3774,20,0.014,0
53,57,0.65,3444,10,17,0
53,58,2.5,3152,10,0.088,0
53,59,3.42,2880,30,0.0012,0
53,60,6.6,2610,40,3.30E-05,0
54,54,5.40E-05,4.32E+03,16,100,0
54,55,0.013,3914,7,30,4
54,55,0.013,4063,3,70,4
54,58,2.7,3211,7,0.8,0
54,59,2.74,2978,8,0.01,0
55,59,0.57,3233,21,0.018,0
56,58,0.43,3410,40,0.9,0
61,84,5.59E+08,2240,40,2.80E-05,0
62,84,3.25E+15,2460,3,100,0
62,85,3.38E+18,2248,1,100,0
62,86,2.21E+23,1932.3,12,100,0
63,84,2082240,2908,5,0.0022,0
63,85,4708800,2630,30,9.00E-07,0
64,84,2.35E+09,3182.69,24,100,0
64,86,5.65E+13,2726,9,100,0
64,87,1.07E+07,2600,30,8.00E-07,0
64,88,3.41E+21,2146.9,14,100,0
65,84,249.6,3999,7,0.022,0
65,84,14824.8,3644,3,0.005,17
65,84,14824.8,3967,3,16.7,0
65,85,12528,3492,5,7.00E-04,0
65,86,63392.4,3183,5,9.50E-06,0
65,86,63392.4,3407,4,0.0095,0
66,84,430.2,4232,4,33.6,0
66,85,1074,4069.4,24,5.6,0
66,86,8568,3628,4,0.1,0
66,87,23040,3305,5,1.90E-06,10
66,87,23040,3464,5,0.0094,14
66,88,9.47E+13,2870,5,100,0
67,84,47.2,4610.6,22,80,0
67,85,50,4149,0,0.011,11
67,85,50,4225,0,0.011,11
67,85,50,4454,3,10.8,0
67,85,161.8,4115,0,0.012,12
67,85,161.8,4199,0,0.012,12
67,85,161.8,4215,0,0.012,12
67,85,161.8,4281,0,0.012,12
67,85,161.8,4386,3,12,0
67,86,120.6,3910,5,0.05,0
67,86,558,4011,5,0.18,0
67,87,186,3721,5,0.001,0
67,87,705.6,3721,5,0.019,0
68,84,10.3,4804.3,16,91,0
68,85,37.1,4674,2,53,0
68,86,223.8,4168,3,0.47,0
68,87,318,4012,5,0.022,0
69,84,1.48,4586,10,0.00409,0
69,84,1.48,4902,15,0.00164,0
69,84,1.48,5103,3,91,0
69,84,2.5,4586,10,0.00414,0
69,84,2.5,4902,15,0.00166,0
69,84,2.5,5096,4,92,0
69,85,3.3,4840,15,0.14,3
69,85,3.3,5031,3,58,0
69,85,8.1,4825,15,0.24,11
69,85,8.1,4956,3,54,0
69,87,83.8,4232,7,0.064,0
70,84,0.409,5330.9,17,92.6,0
70,85,1.793,5200,3,89,0
70,86,26.1,4687,4,10,0
70,88,89.4,4065,7,0.0021,0
71,85,0.198,5565,3,100,0
71,85,0.494,5453,3,95,0
71,86,4.79,4996,4,6,0
71,87,10.6,4669,4,0.91,0
72,84,5.20E-04,7782,4,100,0
72,84,0.023,5873,4,100,0
72,85,0.115,5731,3,94,0
72,86,2.85,5268,3,44.3,0
72,88,13.6,4780,3,0.7,0
72,89,18.2,4599,7,0.29,0
72,90,39.4,3958,5,1.80E-05,19
72,90,39.4,4308,6,0.008,10
73,84,0.0017,7744,8,100,0
73,84,0.0043,6214,4,100,0
73,84,0.0101,6117,4,96.6,0
73,86,0.518,5600,5,55,0
73,86,1.04,5518,5,34,0
73,87,1.55,5412,5,34,0
73,88,3.08,5147,2,7,0
73,89,3.57,4883,4,0.074,0
74,84,1.43E-04,8286,7,100,0
74,84,0.00125,6445,3,100,0
74,85,0.0084,6295,5,100,0
74,86,0.091,5912,5,87,0
74,87,0.409,5775,5,73,0
74,88,1.19,5536,3,45.2,0
74,90,6.3,5149.6,23,3.8,0
74,91,5.1,4909,5,0.2,0
74,92,19.2,4739,4,0.035,0
74,94,50.9,4399,12,0.0031,10
75,84,2.10E-05,6776,26,8,0
75,85,6.12E-04,6530,4,11,0
75,86,0.0147,6270,4,95.2,0
75,87,0.077,6119,3,91,0
75,87,0.107,6086,5,97,0
75,90,2.32,5518,3,13,0
75,91,2.25,5522,7,24,0
76,85,6.40E-04,6580,30,6,3
76,85,6.40E-04,6890,12,94,3
76,86,0.0021,6602,4,100,0
76,88,0.021,6321,7,96,0
76,89,0.071,6183,9,80,0
76,90,0.208,5993,4,72,0
76,91,0.839,5839,3,50,0
76,92,2.1,5676,4,42,4
76,93,3.4,5508,8,1.56,0
76,93,3.4,5536,10,1.04,0
76,93,3.4,5577,8,10.4,0
76,94,7.37,5407.1,24,9.2,10
76,95,8.3,5166,10,0.117,0
76,95,8.3,5244,4,1.68,0
76,97,22.4,4939,6,0.021,0
76,98,44,4760,10,0.02,0
77,87,7.00E-05,6880,10,4,0
77,88,3.00E-04,6715,7,13,0
77,89,0.0105,6562,6,93,0
77,89,0.0151,6560,5,98.2,0
77,91,0.159,6260,10,55,8
77,91,0.159,6322,8,22,10
77,92,0.28,6119,5,79,0
77,92,0.57,6008,7,56,0
77,93,0.87,5815,4,5.2,0
77,95,2.19,5828,3,23,0
77,95,4.4,5515,7,2,0
77,96,2.16,5672,3,11,0
77,96,9.3,5418,4,4,0
77,97,5.01,5316,10,0.3,4
77,97,5.01,5478,6,2.2,3
77,97,7.9,5275,10,0.5,0
77,98,9,5393,5,0.9,0
77,99,8.6,5118,8,2.6,0
77,100,30,5011,10,0.06,0
78,89,7.80E-04,6982,6,100,0
78,90,0.00202,6832,10,99.3,0
78,91,0.00699,6692,3,100,0
78,92,0.0139,6548.4,18,98,0
78,93,0.044,6453,3,98,0
78,95,0.382,6067,5,0.86,9
78,95,0.382,6100,5,0.86,9
78,95,0.382,6133,5,1.72,19
78,95,0.382,6211,6,83,4
78,96,0.891,5762,5,0.4,4
78,96,0.891,6039,3,74,4
78,97,2.43,5814,4,4,9
78,97,2.43,5819,4,0.7,20
78,97,2.43,5948,4,54,7
78,97,2.43,6021,4,4.7,9
78,98,6.3,5530,3,0.1,5
78,98,6.3,5753,3,40,3
78,99,10.6,5423,10,0.66,7
78,99,10.6,5517,4,5,4
78,100,21.1,5291,4,0.23,19
78,100,21.1,5446,3,4,3
78,101,21.1,5195,9,0.24,0
78,102,56,5140,10,0.28,14
78,103,52,4950,10,0.0028,0
78,103,52,5036,5,0.071,0
78,104,132,4843,5,0.035,4
78,105,390,4719,9,0.0096,0
78,106,1038,4502,10,0.0016,7
78,110,881279.1,3919,7,2.50E-05,3
78,112,2.05E+19,3175,14,100,0
79,91,2.90E-04,7001,10,11,0
79,91,6.20E-04,7107,6,42,0
79,92,0.00102,6996,6,54,0
79,93,0.0077,6800,10,29,10
79,93,0.0077,6870,6,70,11
79,93,0.022,6762,10,100,0
79,94,0.014,6737,4,92,0
79,94,0.025,6683,9,94,0
79,95,0.139,6547,5,90,0
79,95,0.163,6433,5,29.6,20
79,95,0.163,6471,5,68.5,23
79,95,0.163,6629,10,2,20
79,96,0.137,6434,4,90,0
79,96,0.201,6433,4,90,0
79,97,1.36,6082,7,26,5
79,97,1.36,6117,7,66,5
79,97,1.36,6287,7,8,10
79,102,13.7,5196,10,0.0024,14
79,102,13.7,5242,10,0.0011,11
79,102,13.7,5301,5,0.007,17
79,102,13.7,5364,5,0.108,23
79,102,13.7,5407,5,0.07,17
79,102,13.7,5479,5,1.19,22
79,102,13.7,5545,5,0.084,19
79,102,13.7,5581,5,0.084,19
79,102,13.7,5626,5,1.16,22
79,103,15.5,5283,5,0.009,0
79,103,15.5,5352,5,0.09,0
79,103,15.5,5403,5,0.027,0
79,104,42.8,4964,10,0.0011,7
79,104,42.8,5084,10,0.0022,11
79,104,42.8,5160,5,0.0032,16
79,104,42.8,5346,3,0.54,25
79,105,47.6,4980,5,0.00171,8
79,105,47.6,5024,5,0.00165,8
79,105,47.6,5065,15,0.00104,8
79,105,47.6,5109,5,0.00747,8
79,105,47.6,5187,5,0.00411,8
79,106,255,4579,10,7.80E-05,0
79,106,255,4826,10,3.90E-04,0
79,106,255,5069,5,0.26,0
79,107,642,4653,15,8.00E-04,0
79,108,504,4690,20,0.003,0
80,93,7.00E-04,7203,9,100,14
80,94,0.0019,7067,6,99.7,0
80,95,0.0107,6882,5,99,0
80,96,0.0216,6751,5,94,0
80,97,0.118,6579,4,100,0
80,99,1.05,6285,3,53,0
80,100,2.58,5689,5,0.0379,0
80,100,2.58,5862,5,0.026,4
80,100,2.58,6119,4,47.9,17
80,101,3.4,5916,10,1.1,5
80,101,3.4,5938,10,1.5,4
80,101,3.4,6006,5,21.4,20
80,101,3.4,6071,10,0.36,8
80,101,3.4,6148,10,0,0
80,102,10.83,5455,10,0.036,9
80,102,10.83,5700,5,0.087,16
80,102,10.83,5867,5,15,0
80,103,9.4,5669,10,0.035,0
80,103,9.4,5819,10,0.43,11
80,103,9.4,5834,10,0.61,16
80,103,9.4,5904,5,11,3
80,104,30.87,5055,15,0.002,5
80,104,30.87,5380,15,0.005,13
80,104,30.87,5539,5,1.25,20
80,105,21.6,5372,8,0.024,3
80,105,21.6,5408,10,0.006,8
80,105,49.1,5569,5,0.24,4
80,105,49.1,5653,5,5.8,10
80,107,114,5035,20,0.012,0
80,107,144,4870,20,0.025,0
80,108,195,4610,20,3.60E-05,8
81,96,0.018,6907,7,73,0
81,98,0.23,6567,8,100,0
81,100,0.0014,6578,7,0.38,6
81,100,0.0014,6818,15,0.006,3
81,100,0.0014,6974,15,0.01,3
81,100,2.9,6183,7,8.6,0
81,101,2.9,6406,10,4,0
81,102,0.0533,6338,6,1.2,3
81,102,0.0533,6381,11,0.24,6
81,102,0.0533,6453,11,0.015,5
81,105,27.5,5760,0,0.006,0
81,106,15.6,5536,0,0.007,7
82,99,0.0396,7004,7,100,0
82,99,0.0396,7093,20,2.5,25
82,101,0.415,6704,6,98,10
82,101,0.415,6868,7,2.5,6
82,101,0.535,6576,6,24,4
82,101,0.535,6777,6,66,7
82,103,6.3,6288,5,19,14
82,103,6.3,6486,5,15,11
82,103,6.3,6548,0,0.2,3
82,104,4.82,5988,8,0.03,3
82,104,4.82,6014,13,0.08,3
82,104,4.82,6331,6,40,8
82,105,15.2,5993,10,2.8,8
82,105,15.2,6194,10,4.2,12
82,105,18.3,6077,7,12,0
82,106,25.1,5614,10,0.093,12
82,106,25.1,5633,10,0.0088,0
82,106,25.1,5983,4,9.2,8
82,108,71,5060,12,5.60E-05,25
82,108,71,5181,5,3.40E-04,7
82,108,71,5581,4,0.4,0
82,109,79.8,5290,20,0.013,0
82,110,210,5112,5,0.0059,0
82,112,642,4640,20,7.00E-06,0
82,120,1.66E+12,2539,4,1,0
82,128,7.01E+08,3720,20,1.90E-06,0
83,103,0.0098,7263,5,96,0
83,103,0.0098,7369,10,1,10
83,104,3.70E-04,7721,8,100,14
83,104,0.038,7000,5,88,9
83,104,0.038,7342,15,3,8
83,104,0.038,7612,5,9,10
83,105,0.06,6889,10,0.33,10
83,105,0.06,6992,5,97.7,20
83,105,0.06,7106,5,2.05,19
83,105,0.265,6813,5,91.2,12
83,105,0.265,6995,15,1.4,5
83,105,0.265,7232,10,4.1,9
83,105,0.265,7302,5,3.3,9
83,106,0.005,7114,7,10,3
83,106,0.005,7294,6,73,5
83,106,0.674,6550,15,0.9,7
83,106,0.674,6670.9,22,71,7
83,106,0.674,6833,6,1,5
83,106,0.674,7115,4,4.5,23
83,107,6.2,6456,5,68,0
83,107,6.2,6734,5,1.01,19
83,107,6.2,6819,5,1.15,20
83,108,0.125,6871,3,68,0
83,109,34.6,6060,5,12,5
83,109,34.6,6245,5,0.36,17
83,109,39.6,6052,5,9,3
83,109,39.6,6081,10,0.65,20
83,109,39.6,6253,5,0.054,25
83,109,39.6,6348,5,0.23,7
83,110,3.2,6475,5,84,0
83,110,63.6,5899,5,2.1,11
83,110,63.6,6174,5,0.09,5
83,111,95,5645,5,0.46,25
83,111,95,5799,5,0.0027,15
83,111,115,5335,5,3.00E-04,12
83,111,115,5599,5,0.18,6
83,111,115,5660,5,0.004,15
83,111,115,5781,5,0.0054,19
83,111,115,5892,5,0.007,3
83,112,87,5772,5,0.05,3
83,112,87,6106,5,33,17
83,112,183,5420,5,0.027,18
83,112,183,5713,5,0.0027,18
83,113,240,5112,5,3.80E-04,0
83,113,307.8,5153,5,0.0012,0
83,114,309,5776,4,6.00E+01,0
83,116,1482,5484,5,0.01,0
83,118,3546,5240,6,0.3,0
83,126,6.34E+26,2877,0,1.2,3
83,126,6.34E+26,3077,22,98.8,3
83,127,433036.8,4656,4,7.90E-05,10
83,127,433036.8,4694,4,5.30E-05,7
83,127,9.59E+13,4100,8,0.002,0
83,127,9.59E+13,4230,8,8.00E-04,0
83,127,9.59E+13,4268,8,0.006,0
83,127,9.59E+13,4420,1,0.21,0
83,127,9.59E+13,4568,2,3.9,0
83,127,9.59E+13,4582,2,1.4,0
83,127,9.59E+13,4909,1,39.5,0
83,127,9.59E+13,4946,1,55,0
83,128,128.4,5299.4,5,9.00E-04,9
83,128,128.4,6278.2,7,16.19,14
83,128,128.4,6622.9,6,83.54,14
83,129,1500,5750,0,0.47,20
83,129,1500,6010,0,5,10
83,129,1500,6300,0,26,11
83,129,1500,6340,0,35,11
83,129,3633,5302,2,4.00E-05,4
83,129,3633,5345,0,3.60E-04,4
83,129,3633,5481,0,0.004672,0
83,129,3633,5607,0,0.4061,0
83,129,3633,5626,0,0.05643,0
83,129,3633,5768,0,0.611,0
83,129,3633,6050.78,3,25.13,7
83,129,3633,6089.88,3,9.75,5
83,130,2736.6,5558,4,0.181,3
83,130,2736.6,5875,4,1.959,9
83,131,1194,4941,0,5.30E-05,11
83,131,1194,5023,0,4.40E-05,9
83,131,1194,5184,0,1.28E-04,14
83,131,1194,5273,9,0.00122,6
83,131,1194,5452,3,0.0113,5
83,131,1194,5516,3,0.0082,4
84,103,0.0014,7528,15,100,0
84,103,0.0014,7808,0,1,10
84,104,2.80E-04,7353,27,20,4
84,104,2.80E-04,7911,13,80,9
84,105,0.0035,7259,15,80,12
84,105,0.0035,7309,20,12,5
84,105,0.0035,7532,20,8,6
84,106,0.00245,6896,20,0.3,10
84,106,0.00245,7012,20,3.3,4
84,106,0.00245,7537,6,96.4,4
84,107,0.022,6966,10,7.9,24
84,107,0.022,7334,5,76,8
84,107,0.022,7336,15,14.9,25
84,107,0.093,6790,15,0.5,3
84,107,0.093,6815,15,9.6,20
84,107,0.093,6888,5,36,8
84,107,0.093,6909,15,3.7,11
84,107,0.093,7376,5,45.7,19
84,108,0.0322,6602,5,1.43,21
84,108,0.0322,7167,3,99,10
84,109,0.245,6375,15,0.8,3
84,109,0.245,7002,4,99.2,3
84,109,0.388,6420,20,0.7,3
84,109,0.388,6948,4,99.3,3
84,110,0.392,6194,7,0.22,3
84,110,0.392,6843,3,93,7
84,111,1.92,6050,20,0.18,11
84,111,1.92,6699,5,90,9
84,111,4.64,6606,5,75,8
84,112,5.6,5687,0,0.003,3
84,112,5.6,5769,0,0.0207,0
84,112,5.6,6521.9,21,94,0
84,113,53.6,6281,4,44,0
84,114,106.2,5273,0,7.70E-04,14
84,114,106.2,6181,3,58,20
84,115,250.2,6059,3,39,0
84,115,328.2,5952,2,12,0
84,116,690,5861.9,18,11.1,0
84,117,534,5786,2,2.9,3
84,117,918,5599,2,0.032,7
84,117,918,5683,2,1.6,0
84,118,2676,5588.1,17,1.92,0
84,119,2202,5383,3,0.11,0
84,119,2202,5388,8,0.0011,23
84,120,12708,5377.1,12,0.66,0
84,121,6264,5220,10,0.04,0
84,122,760320,5223.7,15,5.45,0
84,123,20880,5115.4,24,0.021,0
84,124,9.15E+07,4220,15,2.40E-04,7
84,124,9.15E+07,5114.9,14,99.9958,4
84,125,3.88E+09,4110,15,5.60E-04,4
84,125,3.88E+09,4310,15,1.50E-04,4
84,125,3.88E+09,4622,5,0.55,6
84,125,3.88E+09,4883,2,85,8
84,125,3.88E+09,4885,2,14.3,14
84,126,1.20E+07,4516.58,10,0.00104,6
84,126,1.20E+07,5304.33,7,100,0
84,127,0.516,5848.2,5,8.10E-04,10
84,127,0.516,6568.3,9,0.537,19
84,127,0.516,6891.5,8,0.546,19
84,127,0.516,7450.3,5,98.916,0
84,128,1.71E-08,10180,30,42,0
84,128,2.99E-07,8784.86,12,100,0
84,128,45.1,8525,8,2.05,9
84,128,45.1,9102,10,1,4
84,128,45.1,11660,10,96.83,10
84,129,3.72E-06,7614,10,0.0045,4
84,129,3.72E-06,8376,3,100,0
84,130,1.64E-04,6609.8,11,6.00E-05,20
84,130,1.64E-04,6902.2,3,0.0104,6
84,130,1.64E-04,7686.82,7,99.9895,6
84,131,0.00178,6519,20,3.00E-04,3
84,131,0.00178,6589,8,0.002,6
84,131,0.00178,6636,15,3.00E-04,3
84,131,0.00178,6671,10,8.00E-04,3
84,131,0.00178,6754,10,8.00E-04,3
84,131,0.00178,6802,8,0.0016,5
84,131,0.00178,6819,15,4.00E-04,20
84,131,0.00178,6954,3,0.06,20
84,131,0.00178,7386.1,8,99.99977,0
84,132,0.144,5985,0,0.0019,3
84,132,0.144,6778.3,5,99.9981,3
84,133,1.53,6539,4,97.5,0
84,134,185.82,5181,2,0,0
84,134,185.82,6002.55,10,99.9789,0
85,106,0.0017,7552,11,100,0
85,106,0.0021,7653,15,98,10
85,106,0.0021,7715,13,2,20
85,107,0.0115,7363,15,12,20
85,107,0.0115,7435,15,56,4
85,107,0.0115,7470,15,31,3
85,107,0.0115,7535,25,0.5,5
85,107,0.088,7195,15,4,7
85,107,0.088,7224,15,82,3
85,107,0.088,7385,15,14,20
85,107,0.088,7535,25,0.5,5
85,108,0.021,7325,5,98,10
85,108,0.021,7423,5,2,20
85,108,0.027,7106,5,24,0
85,108,0.028,7235,5,100,0
85,109,0.286,7145,15,9,3
85,109,0.286,7190,15,83,9
85,109,0.286,7266,15,7,3
85,109,0.286,7310,15,0.8,8
85,109,0.323,6908,15,1,3
85,109,0.323,7087,15,13,24
85,109,0.323,7135,15,8,22
85,109,0.323,7178,15,78,9
85,110,0.143,7075,4,84,4
85,110,0.143,7221,4,4,5
85,110,0.29,6953,3,100,0
85,111,0.387,7049,3,94,0
85,112,0.381,6960,3,96.1,0
85,112,2,6707,4,100,0
85,113,1.25,6322,12,0.005,3
85,113,1.25,6338,8,0.102,20
85,113,1.25,6753,8,0.18,13
85,113,1.25,6852,4,93,7
85,113,4.46,6275,8,0.078,10
85,113,4.46,6359,8,0.107,10
85,113,4.46,6361,9,0.0078,20
85,113,4.46,6537,8,0.019,3
85,113,4.46,6750,4,97,0
85,114,0.31,6480,0,1,0
85,114,6.92,6643,3,90,0
85,115,3.5,6536.9,21,10.5,0
85,115,43,6464.6,13,57,0
85,115,47,6306,5,0.073,21
85,115,47,6411.8,13,43,7
85,115,47,6575,3,0.36,8
85,116,83,6342,1,59,0
85,117,0.46,6227,5,0.096,0
85,117,182,6134.6,12,8.7,0
85,117,184,5929,10,0.015,0
85,117,184,6070,10,0.074,0
85,117,184,6227.7,14,37,0
85,118,444,6087,1,27,0
85,119,553.2,5950.3,13,3.91,0
85,120,1614,5902,2,10,0
85,121,1836,5702.6,18,0.86,8
85,121,1836,5734,3,0.01,3
85,121,1836,5767,3,0.021,4
85,121,1836,5774,4,0.008,3
85,122,6516,5758,3,8.6,0
85,123,5868,5586,2,0.0048,0
85,123,5868,5626,4,0.0118,17
85,123,5868,5640.3,21,0.53,6
85,124,19512,5647,2,3.9,4
85,125,29160,5175,4,3.70E-04,11
85,125,29160,5242,3,0.0016,3
85,125,29160,5361.1,10,0.049,7
85,125,29160,5386,1,0.0081,11
85,125,29160,5442,15,0.05,6
85,125,29160,5456,2,7.00E-04,13
85,125,29160,5465.5,15,0.0126,15
85,125,29160,5524,15,0.053,6
85,126,25970.4,4895.4,11,2.00E-05,20
85,126,25970.4,4997,7,4.20E-04,4
85,126,25970.4,5141,2,0.00104,17
85,126,25970.4,5210,15,0.0038,3
85,126,25970.4,5869.5,22,41.8,0
85,127,0.119,6812.9,8,0.36,4
85,127,0.119,6947.4,15,0.052,7
85,127,0.119,7022,2,0.13,20
85,127,0.119,7251.1,9,0.38,8
85,127,0.119,7272.1,7,0.36,8
85,127,0.119,7298.7,15,0.07,10
85,127,0.119,7388,6,0.35,20
85,127,0.119,7826.7,2,67.6,6
85,127,0.119,7888,2,30.7,5
85,127,0.314,6621.8,8,0.135,6
85,127,0.314,6758.1,12,0.07,20
85,127,0.314,6798,2,0.048,5
85,127,0.314,7049.1,4,0.4,20
85,127,0.314,7079.8,3,0.59,10
85,127,0.314,7168.2,5,0.15,7
85,127,0.314,7607.9,2,15.4,6
85,127,0.314,7669.3,2,83.2,6
85,128,1.25E-07,9079,5,100,0
85,129,5.58E-07,8270,5,0.32,3
85,129,5.58E-07,8480,6,0.58,4
85,129,5.58E-07,8507,7,0.15,4
85,129,5.58E-07,8819,4,98.95,6
85,129,7.60E-07,8390,6,0.18,3
85,129,7.60E-07,8620,5,0.3,3
85,129,7.60E-07,8782,5,99.18,6
85,130,1.00E-04,7610,10,0.05,20
85,130,1.00E-04,8026,4,99.95,20
85,131,0,7960,0,100,0
85,131,3.00E-04,7240,15,0.06,0
85,131,3.00E-04,7317,15,0.09,0
85,131,3.00E-04,7392,0,0.14,14
85,131,3.00E-04,7394,0,0.14,14
85,131,3.00E-04,7470,15,0.25,25
85,131,3.00E-04,7556,0,0.07,3
85,131,3.00E-04,7560,15,0.25,25
85,131,3.00E-04,7593,0,0.16,5
85,131,3.00E-04,7610,16,0.25,25
85,131,3.00E-04,7689,0,1.4,20
85,131,3.00E-04,7802,3,97.5,0
85,132,0.0326,6037,0,1.00E-03,10
85,132,0.0326,6322,16,0.005,10
85,132,0.0326,6484.7,16,0.021,20
85,132,0.0326,6813.8,16,0.038,3
85,132,0.0326,7066.9,16,99.89,10
85,133,1.27,6654,5,6.9,10
85,133,1.27,6693,3,92.7,5
85,133,1.27,6760,0,0.4,4
85,134,56,6208,15,97,0
85,135,222.6,5943,6,8,0
86,107,0.00115,7685,15,74,21
86,107,0.00115,7875,20,26,12
86,108,7.80E-04,7700,10,100,0
86,109,0.005,7555,11,99.8,0
86,109,0.006,7536,11,99.75,0
86,110,0.0044,7462,8,99.8,0
86,111,0.024,7356,7,100,0
86,111,0.055,7260,7,100,0
86,112,0.065,6893,8,0.07,21
86,112,0.065,7196,4,100,10
86,113,0.31,7060,6,97,0
86,113,0.59,6989,6,94,0
86,114,0.96,6355,6,0.0079,7
86,114,0.96,6454,14,0.0059,20
86,114,0.96,6902,3,98,0
86,115,3.8,6773,2,90,0
86,115,7.1,6590,0,2,3
86,115,7.1,6725,2,78,11
86,116,9.7,5836,5,0.0014,5
86,116,9.7,6046,2,0.007,7
86,116,9.7,6639.6,18,78,8
86,117,26.9,6550.3,10,75,0
86,117,44,6428.6,25,1.7,3
86,117,44,6499,2,64,0
86,119,170,6128,4,0.012,12
86,119,170,6261.4,18,24.2,0
86,119,170,6268,4,0.39,4
86,120,340.2,6259.7,16,63,0
86,121,555,6000,4,0.021,4
86,121,555,6071,26,0.139,24
86,121,555,6130,16,21,4
86,122,1461,5469.1,18,0.029,4
86,122,1461,6140.1,17,62,7
86,123,1728,5660,3,0.0041,6
86,123,1728,5887,3,0.037,6
86,123,1728,5898,3,0.024,4
86,123,1728,6039,3,16.9,20
86,124,8640,5351,3,0.0054,3
86,124,8640,6041,3,96,10
86,125,52560,5055,4,1.60E-04,6
86,125,52560,5179,3,7.10E-04,7
86,125,52560,5276,3,0.0041,4
86,125,52560,5466,3,0.0038,4
86,125,52560,5616,3,0.74,7
86,125,52560,5783.9,17,17.3,11
86,125,52560,5852.2,24,9.3,6
86,126,1434,5583,3,0.05,5
86,126,1434,6264,3,99.95,5
86,127,0.0195,7252,4,1.04,12
86,127,0.0195,7554,4,0.71,10
86,127,0.0195,8089,3,98.2,20
86,129,2.30E-06,8674,8,100,0
86,130,4.50E-05,8050,10,100,0
86,131,5.90E-04,7738,3,100,0
86,132,0.0338,5878.02,19,9.00E-05,3
86,132,0.0338,6531.1,19,0.13,4
86,132,0.0338,7129.1,19,99.87,4
86,133,3.96,5744,15,9.00E-05,5
86,133,3.96,5764,8,9.20E-04,20
86,133,3.96,5900,15,1.00E-04,10
86,133,3.96,5944,6,0.002,3
86,133,3.96,5958,15,3.20E-04,11
86,133,3.96,6000,6,0.0031,5
86,133,3.96,6100,8,0.0012,20
86,133,3.96,6124,8,6.30E-04,13
86,133,3.96,6158,4,0.018,20
86,133,3.96,6223,6,0.0043,11
86,133,3.96,6311,3,0.051,4
86,133,3.96,6425,10,7.5,6
86,133,3.96,6530,2,0.11,10
86,133,3.96,6552.6,10,12.9,6
86,133,3.96,6819.1,3,79.4,10
86,134,55.6,5747,0,0.114,17
86,134,55.6,6288.08,10,99.886,17
86,135,1542,5778,2,1.5,0
86,135,1542,5788,2,2.2,0
86,135,1542,6037,2,16.2,0
86,136,330238.08,4826,4,5.00E-04,5
86,136,330238.08,4986,1,0.078,10
86,136,330238.08,5489.48,30,99.92,10
87,113,0.049,7471,7,100,0
87,114,0.069,7361,7,100,10
87,115,0.286,7226,5,100,0
87,115,0.372,7238,5,100,0
87,116,0.549,7131,5,95,0
87,117,0.8,7013,5,100,0
87,117,1.6,6969,5,30,6
87,117,1.6,7077,8,0.21,7
87,117,1.9,6916,8,0.42,17
87,117,1.9,7031,5,70,15
87,118,3.92,6915,1,100,0
87,119,0.7,6930,5,5,7
87,119,16,6790,4,84,12
87,119,16,6792,5,84,12
87,120,14.8,6768,3,95,0
87,121,59.1,6641,3,89,0
87,122,50.5,6646,5,89,0
87,123,190.8,5900,5,0.007,4
87,123,190.8,6112,7,0.0012,6
87,123,190.8,6212,4,0.0156,23
87,123,190.8,6227,5,0.0071,15
87,123,190.8,6348,5,0.0029,9
87,123,190.8,6400,4,0.024,5
87,123,190.8,6409,4,0.01,3
87,123,190.8,6420,4,0.021,4
87,123,190.8,6545,5,71,4
87,124,186,5866,6,0.008,4
87,124,186,5905,7,0.005,3
87,124,186,6199,5,0.036,11
87,124,186,6537,4,87,3
87,125,1200,5738,6,8.60E-04,9
87,125,1200,5828,6,0.022,13
87,125,1200,5983,4,0.031,10
87,125,1200,6076,3,0.185,23
87,125,1200,6127,0,0.51,6
87,125,1200,6173,4,0.47,6
87,125,1200,6183,3,0.56,6
87,125,1200,6261.9,22,16.3,11
87,125,1200,6335,3,4.4,5
87,125,1200,6342,3,1.32,12
87,125,1200,6383.3,20,10.3,6
87,125,1200,6406.2,20,9.4,6
87,126,34.6,6211,5,0.1,3
87,126,34.6,6378,5,0.12,3
87,126,34.6,6775,2,99.23,17
87,127,0.00335,7341,8,0.05,0
87,127,0.00335,7591,15,0.5,0
87,127,0.00335,7715,5,1.1,0
87,127,0.00335,7963,5,0.7,0
87,127,0.00335,8046,5,0.9,0
87,127,0.00335,8478,5,50.9,0
87,127,0.00335,8546,3,46,0
87,127,0.005,7406,8,0.3,0
87,127,0.005,7605,8,1,0
87,127,0.005,7840,0,0.05,5
87,127,0.005,7937,8,1,0
87,127,0.005,8358,4,4.8,20
87,127,0.005,8427,4,93,5
87,128,0,10160,30,4.3,0
87,128,0,10483,20,0.9,0
87,128,3.50E-09,10913,15,4.1,0
87,128,4.00E-09,10779,15,4.7,0
87,128,8.60E-08,9360,10,100,0
87,129,7.10E-08,8933,8,10,0
87,129,7.00E-07,8811,15,0.2,20
87,129,7.00E-07,8861,15,0.5,20
87,129,7.00E-07,9004,5,99,10
87,129,8.50E-07,9000,5,100,0
87,130,2.20E-05,8313,5,100,0
87,131,0.0011,7381,6,1,5
87,131,0.0011,7531,8,0.5,20
87,131,0.0011,7569,5,5,10
87,131,0.0011,7726,7,1.5,5
87,131,0.0011,7866.6,14,92,20
87,131,0.0219,6835,7,0.04,10
87,131,0.0219,6953,5,0.51,3
87,131,0.0219,6995,8,0.037,15
87,131,0.0219,7085,15,0.33,23
87,131,0.0219,7104,5,1.61,22
87,131,0.0219,7176,6,0.89,13
87,131,0.0219,7239,4,9.5,4
87,131,0.0219,7333,11,0.58,14
87,131,0.0219,7397,5,3.4,3
87,131,0.0219,7457,4,1.3,10
87,131,0.0219,7505,6,0.93,10
87,131,0.0219,7548,5,0.76,9
87,131,0.0219,7616,4,41.3,13
87,131,0.0219,7657,5,10.9,17
87,131,0.0219,7681,4,15.9,19
87,131,0.0219,7725,5,4.8,8
87,131,0.0219,7769,5,1.14,11
87,131,0.0219,7809,5,1.6,10
87,131,0.0219,7874,5,1.4,20
87,131,0.0219,7952,4,2.4,10
87,132,0.02,6744,0,0.015,15
87,132,0.02,6802.9,20,0.25,0
87,132,0.02,6846.2,25,0.05,0
87,132,0.02,6956.6,30,0.02,20
87,132,0.02,6967.3,20,0.6,0
87,132,0.02,7145.7,20,0.25,7
87,132,0.02,7312.3,18,98.8,20
87,133,27.4,6260,0,0.0025,25
87,133,27.4,6303.1,30,0.014948,0
87,133,27.4,6363.9,25,0.009965,0
87,133,27.4,6378.2,20,0.34878,0
87,133,27.4,6402.1,20,1.2456,0
87,133,27.4,6427.6,20,0.23916,0
87,133,27.4,6444.8,25,0.01,10
87,133,27.4,6471.5,25,1.2955,0
87,133,27.4,6480.1,25,0.5979,0
87,133,27.4,6508.6,25,0.5979,0
87,133,27.4,6516.5,25,2.9895,0
87,133,27.4,6524.2,25,2.4913,0
87,133,27.4,6573,4,8.969,0
87,133,27.4,6620,3,1.5944,0
87,133,27.4,6633,4,12.157,0
87,133,27.4,6677,4,65.77,0
87,134,288.06,5500,40,3.30E-04,9
87,134,288.06,5530,25,9.00E-04,20
87,134,288.06,5688,3,0.002,10
87,134,288.06,5696,4,1.00E-03,10
87,134,288.06,5775,3,0.065,5
87,134,288.06,5782,4,0.005,20
87,134,288.06,5812.5,25,0.004,20
87,134,288.06,5924.5,25,0.04,10
87,134,288.06,5938,2,0.17,20
87,134,288.06,5965,25,0.1,20
87,134,288.06,5979,2,0.48,3
87,134,288.06,6036,3,0.003,20
87,134,288.06,6075,2,0.14,20
87,134,288.06,6126.3,15,15.1,20
87,134,288.06,6241.8,20,1.36,6
87,134,288.06,6341,13,83.3,7
87,136,1320,5172,5,9.00E-04,6
87,136,1320,5291,4,0.007,4
87,136,1320,5314,4,0.006,4
87,136,1320,5403,3,0.005,3
87,136,1320,5462,3,0.004,3
88,115,0.024,7612,8,100,0
88,115,0.031,7589,8,100,0
88,116,0.057,7486,6,100,0
88,117,0.17,7370,20,100,0
88,117,0.21,7340,20,100,0
88,118,0.24,7269,4,100,0
88,119,0.059,7323,8,15,0
88,119,1.2,7131,4,86,0
88,120,1.3,7133,5,95,0
88,121,4.8,6376,10,0.2,0
88,121,4.8,6625,5,0.5,0
88,121,4.8,7006,3,99,0
88,122,3.7,6452,5,0.03,0
88,122,3.7,7016,4,100,0
88,123,13,6255,5,5.58E-04,0
88,123,13,6315,10,3.72E-04,0
88,123,13,6320,10,6.51E-05,0
88,123,13,6627,5,7.44E-04,0
88,123,13,6788,5,0.0093,0
88,123,13,6909,4,92.07,0
88,124,13,6269,5,0.043,6
88,124,13,6899.2,17,85,0
88,125,0.00215,8267,10,0.018,17
88,125,0.00215,8356,9,0.17,12
88,125,0.00215,8468,5,0.4,3
88,125,0.00218,8267,10,0.021,18
88,125,0.00218,8356,9,0.17,12
88,125,0.00218,8468,5,0.4,3
88,125,163.8,6230,6,0.11,6
88,125,163.8,6413,3,0.27,5
88,125,163.8,6521.9,23,4.6,6
88,125,163.8,6624.7,23,39,3
88,125,163.8,6732.3,23,36,3
88,126,6.86E-05,7290,30,0.005,5
88,126,6.86E-05,8350,0,0,0
88,126,6.86E-05,8950,30,0.08,6
88,126,2.46,6505,5,0.16,3
88,126,2.46,7137,3,99.78,3
88,127,0.00166,7882,8,2.8,5
88,127,0.00166,8171,8,1.3,5
88,127,0.00166,8700,5,95.9,10
88,128,1.72E-07,9349,8,100,0
88,129,1.60E-06,8992,8,100,0
88,130,2.59E-05,7715,40,0.123,11
88,130,2.59E-05,8383,4,99.88,6
88,131,0.01,7198,6,2.4,3
88,131,0.01,7678,3,66.2,15
88,131,0.01,7706,10,0.9,20
88,131,0.01,7780,10,0.5,5
88,131,0.01,7988,3,30.5,15
88,132,0.018,7001,6,1,4
88,132,0.018,7453,7,99,4
88,133,28,6147,0,0.05,5
88,133,28,6195,0,0.2,0
88,133,28,6287,0,0.05,5
88,133,28,6382,0,0.4,0
88,133,28,6390,0,0.1,10
88,133,28,6463,0,0.05,5
88,133,28,6526,0,0.3,0
88,133,28,6579,0,5.6,24
88,133,28,6607,0,38,4
88,133,28,6662,0,23,3
88,133,28,6667,0,0.8,8
88,133,28,6754,0,32,20
88,134,33.6,5733,5,0.0043,10
88,134,33.6,5775,5,0.0043,20
88,134,33.6,5916,5,0.0043,20
88,134,33.6,6239,5,3.05,5
88,134,33.6,6558,5,96.9,10
88,135,988122.24,5014.4,0,4.40E-04,4
88,135,988122.24,5025.5,0,6.30E-04,6
88,135,988122.24,5036,0,4.00E-04,4
88,135,988122.24,5056,0,2.00E-04,20
88,135,988122.24,5086.2,0,3.00E-04,3
88,135,988122.24,5112.4,0,6.00E-04,6
88,135,988122.24,5134.8,0,0.0017,17
88,135,988122.24,5151.8,0,0.02,3
88,135,988122.24,5172.8,0,0.0201,23
88,135,988122.24,5211.6,0,0.0022,10
88,135,988122.24,5236.3,0,0.041,21
88,135,988122.24,5258.8,0,0.06,7
88,135,988122.24,5282.8,0,0.135,7
88,135,988122.24,5287.3,10,0.2,5
88,135,988122.24,5338.7,10,0.092,8
88,135,988122.24,5365.6,10,0.13,13
88,135,988122.24,5433.6,5,1.8,3
88,135,988122.24,5481.2,0,1.00E-03,7
88,135,988122.24,5501.6,10,1,15
88,135,988122.24,5539.8,90,8.9,20
88,135,988122.24,5606.73,30,25,5
88,135,988122.24,5716.23,29,51.2,13
88,135,988122.24,5747,4,8.9,20
88,135,988122.24,5857.5,10,0.31,4
88,135,988122.24,5871.3,10,1,20
88,136,316224,5034,0,0.003,5
88,136,316224,5051,0,0.0076,11
88,136,316224,5161,0,0.0071,0
88,136,316224,5448.6,12,5.06,5
88,136,316224,5685.37,15,94.92,5
88,137,1287360,4976,5,1.60E-09,9
88,137,1287360,5006,5,5.20E-09,18
88,138,5.05E+10,4160,2,2.70E-04,5
88,138,5.05E+10,4191,2,1.00E-03,10
88,138,5.05E+10,4340,1,0.0065,3
88,138,5.05E+10,4601,1,6.16,3
88,138,5.05E+10,4784.34,25,93.84,11
89,117,0.022,7790,30,100,0
89,117,0.033,7750,20,100,0
89,118,0.027,7693,25,100,0
89,119,0.025,7758,20,90,0
89,119,0.095,7572,15,99,0
89,120,0.087,7577,10,100,0
89,121,0.35,7462,8,100,0
89,122,0.21,7477,6,100,0
89,123,0.93,7379,8,97,0
89,124,0.738,7360,6,100,0
89,125,8.2,6701,5,0.125,18
89,125,8.2,6978,5,1,3
89,125,8.2,7081,4,37.4,18
89,125,8.2,7215,3,48.1,18
89,126,0.17,6877,7,0.026,14
89,126,0.17,6959,5,0.07,10
89,126,0.17,6979,6,0.007,4
89,126,0.17,7029,5,0.12,10
89,126,0.17,7108,7,0.007,4
89,126,0.17,7211,5,0.2,20
89,126,0.17,7600,4,99.48,7
89,127,4.40E-04,7758,6,0.011,3
89,127,4.40E-04,7846,15,0.016,3
89,127,4.40E-04,7892,10,0.021,20
89,127,4.40E-04,8187,5,0.74,20
89,127,4.40E-04,8270,5,1.4,7
89,127,4.40E-04,8346,7,0.05,5
89,127,4.40E-04,8616,6,0.23,5
89,127,4.40E-04,9029,7,48.8,10
89,127,4.40E-04,9105,7,47.5,5
89,128,8.00E-09,11137,15,0.59,0
89,128,1.00E-08,10780,15,0.31,0
89,128,6.90E-08,9650,10,100,0
89,128,7.40E-07,10540,0,4.1,3
89,128,7.40E-07,11137,15,0.32,10
89,128,7.40E-07,11625,17,0.122,23
89,129,1.03E-06,9213,10,100,0
89,130,1.18E-05,8664,10,100,0
89,131,0.0264,7622,0,4,0
89,131,0.0264,7635,0,4,0
89,131,0.0264,7652,0,9,0
89,131,0.0264,7664,0,4,0
89,131,0.0264,7670,0,8,0
89,131,0.0264,7709,0,11,0
89,131,0.0264,7792,0,10,0
89,131,0.0264,7850,0,5,0
89,131,0.0264,7855,0,26,0
89,131,0.0264,7944,0,2,20
89,131,0.0264,7971,0,4,0
89,131,0.0264,8006,0,3,0
89,131,0.0264,8055,0,4,0
89,131,0.0264,8063,0,2,0
89,131,0.0264,8194,0,4,0
89,132,0.052,7170,8,2.4,10
89,132,0.052,7374,4,7,10
89,132,0.052,7437,4,20,20
89,132,0.052,7642,4,72,3
89,133,4.9,6963,10,5.9,10
89,133,4.9,7008.6,20,93.1,14
89,134,126,5892,0,0.0099,0
89,134,126,5966.8,30,0.0297,0
89,134,126,6023,30,0.0099,0
89,134,126,6082.7,20,0.0297,0
89,134,126,6134.9,20,0.12,3
89,134,126,6140.2,30,0.03,3
89,134,126,6163,25,0.0495,0
89,134,126,6177.7,20,0.94,15
89,134,126,6205.9,25,0.03,3
89,134,126,6223.4,40,0.0059,6
89,134,126,6235.8,20,0.0891,0
89,134,126,6281.3,0,0.05,5
89,134,126,6292.8,15,0.47,6
89,134,126,6294,0,0.07,16
89,134,126,6299,0,0.073,11
89,134,126,6325.7,15,0.3,5
89,134,126,6332.5,20,0.14,6
89,134,126,6341.8,20,0.05,10
89,134,126,6360.5,15,0.22,3
89,134,126,6396.8,15,0.129,20
89,134,126,6448.6,15,0.2,3
89,134,126,6454.7,30,0.06,3
89,134,126,6473,15,3.1,3
89,134,126,6523.2,20,0.6,3
89,134,126,6528.4,15,3.1,3
89,134,126,6563.7,10,13.6,10
89,134,126,6581.8,30,0.3,20
89,134,126,6590,0,0.005,5
89,134,126,6606,0,0.5,5
89,134,126,6646.7,10,44,4
89,134,126,6661.6,10,31,3
89,135,10008,5644.3,25,0.0055,0
89,135,10008,5712.8,20,0.0109,0
89,135,10008,5721.8,20,0.0109,0
89,135,10008,5742.8,25,0.0046,11
89,135,10008,5771.8,20,0.022,0
89,135,10008,5779.8,20,0.0055,0
89,135,10008,5806.7,25,0.0018,4
89,135,10008,5840.6,15,0.024,0
89,135,10008,5844.5,7,0.05,0
89,135,10008,5854.6,25,0.0064,15
89,135,10008,5857.7,20,0.023,0
89,135,10008,5864,14,0.068,0
89,135,10008,5871,10,0.0091,0
89,135,10008,5880.3,14,0.15,0
89,135,10008,5905.4,14,0.013,0
89,135,10008,5912.5,20,0.014,0
89,135,10008,5919.6,14,0.087,0
89,135,10008,5945.6,14,0.4,0
89,135,10008,5961.5,20,0.0027,7
89,135,10008,5971.5,14,0.016,0
89,135,10008,6003.6,14,0.61,0
89,135,10008,6017.6,14,0.13,0
89,135,10008,6059.8,7,2,0
89,135,10008,6141.7,7,2.3,0
89,135,10008,6158.9,7,0.094,0
89,135,10008,6207,7,1.08,0
89,135,10008,6213.8,7,1.9,0
89,136,864000,5021,0,5.00E-04,5
89,136,864000,5067,5,0.003,10
89,136,864000,5092,4,0.006,10
89,136,864000,5131,5,0.002,8
89,136,864000,5131,5,0.002,8
89,136,864000,5202,5,0.002,5
89,136,864000,5211,3,0.03,3
89,136,864000,5239,4,0.003,8
89,136,864000,5270,4,0.014,5
89,136,864000,5286,3,0.23,10
89,136,864000,5321,3,0.07,10
89,136,864000,5436,4,0.07,20
89,136,864000,5443,3,0.14,10
89,136,864000,5540,4,0.015,0
89,136,864000,5545,4,0.03,10
89,136,864000,5554,4,0.1,0
89,136,864000,5563,4,0.034,0
89,136,864000,5580,3,1.2,10
89,136,864000,5598,4,0.04,0
89,136,864000,5609,3,1.1,10
89,136,864000,5637,2,4.4,3
89,136,864000,5682,2,1.3,20
89,136,864000,5724,3,3.1,5
89,136,864000,5731,2,0.87,23
89,136,864000,5732,2,8,5
89,136,864000,5732,2,1.32,10
89,136,864000,5790.6,22,8.6,9
89,136,864000,5792.5,22,18.1,20
89,136,864000,5805,2,0.3,0
89,136,864000,5829.9,14,0.023,0
89,136,864000,5830,2,50.7,15
89,137,105732,5399,5,0.006,0
89,138,6.87E+08,4363,7,4.10E-05,4
89,138,6.87E+08,4423,5,8.28E-05,0
89,138,6.87E+08,4445,4,6.90E-04,0
89,138,6.87E+08,4459,7,6.90E-05,7
89,138,6.87E+08,4512,5,4.10E-05,4
89,138,6.87E+08,4581,7,4.10E-05,4
89,138,6.87E+08,4589,4,1.38E-04,0
89,138,6.87E+08,4594,4,2.76E-04,0
89,138,6.87E+08,4715,4,0.006,3
89,138,6.87E+08,4738,4,0.001242,0
89,138,6.87E+08,4768,3,0.025,7
89,138,6.87E+08,4785,4,0.001104,0
89,138,6.87E+08,4796,3,0.014,7
89,138,6.87E+08,4822,4,9.66E-04,0
89,138,6.87E+08,4855,2,0.083,14
89,138,6.87E+08,4872.7,2,0.087,7
89,138,6.87E+08,4898.8,30,0.001518,0
89,138,6.87E+08,4940.7,8,0.546,17
89,138,6.87E+08,4953.26,14,0.658,14
90,119,0.0025,8080,50,100,0
90,120,0.009,7899,17,100,0
90,121,0.037,7792,14,100,0
90,123,0.144,7690,7,100,0
90,125,1.2,7236,7,1,4
90,125,1.2,7334,4,8,3
90,125,1.2,7392,3,52,3
90,125,1.2,7522,4,40,3
90,126,1.33E-04,7999,10,0.36,13
90,126,1.33E-04,9308,12,0.36,14
90,126,1.33E-04,9922,10,2.1,7
90,126,0.026,7304,4,0.4,10
90,126,0.026,7921,5,99.6,10
90,127,2.52E-04,8456,4,3.69,14
90,127,2.52E-04,8726,4,1.65,8
90,127,2.52E-04,9260,4,94.7,7
90,128,1.22E-07,9668,10,100,0
90,129,1.05E-06,9340,20,100,0
90,131,0.00175,7731,4,6,10
90,131,0.00175,8143,3,53,3
90,131,0.00175,8265,10,4,0
90,131,0.00175,8469,4,37,20
90,132,0.00196,7143,4,0.014,4
90,132,0.00196,7205,4,0.018,3
90,132,0.00196,7600,2,1.81,10
90,132,0.00196,7982,2,98.16,5
90,133,0.6,6928,0,0.4,0
90,133,0.6,6972,0,0.6,0
90,133,0.6,6998,0,1.5,0
90,133,0.6,7021,0,0.3,0
90,133,0.6,7037,0,1.9,0
90,133,0.6,7120,0,0.7,0
90,133,0.6,7286,10,26.4,0
90,133,0.6,7298,7,55.3,0
90,133,0.6,7323,5,13.2,0
90,133,0.6,7435,5,1,10
90,134,1.05,6700,0,0.3,10
90,134,1.05,6770,0,1.2,4
90,134,1.05,7000,10,19,20
90,134,1.05,7170,10,79,20
90,135,523.2,6312,5,1.8,9
90,135,523.2,6345,5,1.8,9
90,135,523.2,6441,3,13.5,16
90,135,523.2,6478,3,39,4
90,135,523.2,6501,3,12.6,15
90,135,523.2,6627,5,2.7,9
90,135,523.2,6649,5,2.7,9
90,135,523.2,6699,5,1.8,9
90,135,523.2,6743,5,6.3,11
90,135,523.2,6797,5,8.1,12
90,136,1834.2,5333,6,1.70E-04,4
90,136,1834.2,5442,6,3.40E-04,4
90,136,1834.2,5874,6,2.30E-04,20
90,136,1834.2,6028,5,0.206,9
90,136,1834.2,6040,5,0.187,11
90,136,1834.2,6099,5,1.26,5
90,136,1834.2,6234,5,22.8,20
90,136,1834.2,6336.8,10,75.5,3
90,137,1613952,5033.5,40,3.10E-04,20
90,137,1613952,5056.1,40,2.30E-04,20
90,137,1613952,5083.5,40,1.50E-04,15
90,137,1613952,5110.5,40,2.80E-04,20
90,137,1613952,5128.7,30,6.20E-04,5
90,137,1613952,5146.5,20,0.0041,8
90,137,1613952,5171,30,0.0017,17
90,137,1613952,5180.6,40,0.0012,24
90,137,1613952,5193.7,25,0.0038,3
90,137,1613952,5210.2,20,0.007,3
90,137,1613952,5229.2,20,0.0098,3
90,137,1613952,5248.3,20,0.0032,16
90,137,1613952,5264.3,20,0.0026,20
90,137,1613952,5321.8,40,2.40E-04,10
90,137,1613952,5335.9,50,2.00E-04,10
90,137,1613952,5365,25,6.60E-04,3
90,137,1613952,5408.7,30,4.40E-04,7
90,137,1613952,5458.6,20,0.0027,5
90,137,1613952,5480.4,22,0.0012,10
90,137,1613952,5509.9,20,0.0166,3
90,137,1613952,5531.7,18,0.021,20
90,137,1613952,5585.9,16,0.176,6
90,137,1613952,5600.6,18,0.17,17
90,137,1613952,5613.3,16,0.216,8
90,137,1613952,5622,17,0.007,4
90,137,1613952,5640.2,15,0.0179,15
90,137,1613952,5668,15,2.06,12
90,137,1613952,5674.3,16,0.057,4
90,137,1613952,5693,16,1.5,10
90,137,1613952,5700.8,16,3.63,20
90,137,1613952,5708.8,16,8.3,3
90,137,1613952,5713.2,16,4.89,20
90,137,1613952,5728.1,16,0.0342,25
90,137,1613952,5756.87,15,20.4,9
90,137,1613952,5762.3,15,0.228,10
90,137,1613952,5795.5,15,0.311,5
90,137,1613952,5807.5,15,1.27,20
90,137,1613952,5866.6,0,2.42,10
90,137,1613952,5909.9,15,0.174,8
90,137,1613952,5916,15,0.78,3
90,137,1613952,5959.7,15,3,15
90,137,1613952,5977.72,10,23.5,9
90,137,1613952,5989.4,20,0,0
90,137,1613952,6008.8,15,2.9,15
90,137,1613952,6038.01,15,24.2,9
90,138,6.04E+07,5138,0,0.036,6
90,138,6.04E+07,5173,0,0.218,8
90,138,6.04E+07,5211,0,0.408,14
90,138,6.04E+07,5340.36,15,26,10
90,138,6.04E+07,5423.15,22,73.4,5
90,139,2.32E+11,4478,3,0.005,5
90,139,2.32E+11,4484,2,0.03,20
90,139,2.32E+11,4599,3,0.02,10
90,139,2.32E+11,4608,2,0.05,8
90,139,2.32E+11,4667,0,1.00E-03,10
90,139,2.32E+11,4690,2,0.23,8
90,139,2.32E+11,4694,2,0.12,20
90,139,2.32E+11,4737,0,0.01,10
90,139,2.32E+11,4748,0,0.005,5
90,139,2.32E+11,4754,0,0.05,5
90,139,2.32E+11,4761,2,1,4
90,139,2.32E+11,4797.8,12,1.5,20
90,139,2.32E+11,4809,0,0.22,22
90,139,2.32E+11,4814.6,12,9.3,8
90,139,2.32E+11,4833,0,0.29,3
90,139,2.32E+11,4838,2,5,20
90,139,2.32E+11,4845.3,12,56.2,20
90,139,2.32E+11,4852,0,0.03,3
90,139,2.32E+11,4861,2,0.28,10
90,139,2.32E+11,4865,0,0.03,3
90,139,2.32E+11,4878,0,0.03,3
90,139,2.32E+11,4901,12,10.2,8
90,139,2.32E+11,4930,2,0.16,5
90,139,2.32E+11,4967.5,12,5.97,6
90,139,2.32E+11,4978.5,12,3.17,4
90,139,2.32E+11,5009,2,0.09,10
90,139,2.32E+11,5023,2,0.009,3
90,139,2.32E+11,5036,2,0.24,20
90,139,2.32E+11,5047,2,0.1,10
90,139,2.32E+11,5053,2,6.6,10
90,139,2.32E+11,5078,2,0.05,0
90,140,2.38E+12,3829.4,17,1.40E-06,14
90,140,2.38E+12,3877.8,16,3.40E-06,3
90,140,2.38E+12,4248.5,16,1.03E-05,22
90,140,2.38E+12,4278.3,17,8.00E-06,20
90,140,2.38E+12,4371.8,16,9.70E-04,13
90,140,2.38E+12,4438.4,16,0.03,15
90,140,2.38E+12,4479.8,16,0.12,12
90,140,2.38E+12,4620.5,15,23.4,10
90,140,2.38E+12,4687,15,76.3,3
90,142,4.42E+17,3811.1,14,0.069,13
90,142,4.42E+17,3947.2,20,21.7,13
90,142,4.42E+17,4012.3,14,78.2,13
91,121,0.0051,8270,30,100,0
91,122,0.0053,8236,15,100,0
91,124,0.014,8088,7,100,0
91,125,0.105,7793,15,4,11
91,125,0.105,7815,15,45,7
91,125,0.105,7948,15,51,6
91,126,0.00108,8306,5,8,15
91,126,0.00108,9533,5,4.4,8
91,126,0.00108,9552,5,6.6,8
91,126,0.00108,9697,5,1.5,7
91,126,0.00108,10157,5,53,4
91,126,0.0038,7710,5,0.3,20
91,126,0.0038,7728,5,0.3,20
91,126,0.0038,7873,5,0.4,20
91,126,0.0038,8336,4,99,10
91,127,1.07E-04,9524,16,26,5
91,127,1.07E-04,9613,9,74,5
91,128,5.30E-08,9900,50,100,0
91,130,5.90E-06,9075,30,100,0
91,131,0.0041,8160,0,17,17
91,131,0.0041,8180,0,17,17
91,131,0.0041,8210,0,17,17
91,131,0.0041,8330,0,20,20
91,131,0.0041,8540,0,30,3
91,132,0.0049,8012,5,33,20
91,132,0.0049,8178,6,67,20
91,133,0.79,7151,0,0.03,3
91,133,0.79,7205,0,0.2,0
91,133,0.79,7226,0,0.1,0
91,133,0.79,7249,0,0.1,0
91,133,0.79,7297,0,2,0
91,133,0.79,7326,0,1.5,0
91,133,0.79,7375,0,2.5,0
91,133,0.79,7405,0,12,0
91,133,0.79,7408,0,4,0
91,133,0.79,7444,0,2.5,0
91,133,0.79,7449,0,4,0
91,133,0.79,7488,0,70,0
91,133,0.79,7528,0,2.9,6
91,134,1.7,7195,10,30,10
91,134,1.7,7245,10,70,10
91,135,108,6729,10,0.74,0
91,135,108,6824,10,34,0
91,135,108,6864,10,38,0
91,136,2298,6299,5,0.68,0
91,136,2298,6326,5,0.34,0
91,136,2298,6336,5,0.595,0
91,136,2298,6356.7,3,6.7,3
91,136,2298,6376,5,2.21,0
91,136,2298,6401.7,3,8,4
91,136,2298,6415.8,3,12.8,5
91,136,2298,6423.8,3,9.9,4
91,136,2298,6465.8,3,42.7,17
91,137,79200,5711,2,0.02,3
91,137,79200,5758,2,0.06,7
91,137,79200,5765,2,0.052,7
91,137,79200,5780,2,0.026,4
91,137,79200,5800,2,0.214,25
91,137,79200,5806,2,0.138,16
91,137,79200,5827,2,0.116,18
91,137,79200,5844,2,0.008,11
91,137,79200,5859,2,0.006,8
91,137,79200,5875,2,0.026,3
91,137,79200,5905,2,0.02,3
91,137,79200,5921,2,0.016,3
91,137,79200,5940,2,0.01,22
91,137,79200,5946,2,0.012,23
91,137,79200,5974,2,0.05,6
91,137,79200,5981,2,0.052,7
91,137,79200,5988,2,0.02,3
91,137,79200,5997,2,0.006,8
91,137,79200,6010,2,0.016,3
91,137,79200,6027,2,0.17,19
91,137,79200,6040,2,0.044,7
91,137,79200,6047,3,0.006,8
91,137,79200,6052,3,0.014,20
91,137,79200,6065,2,0.02,4
91,137,79200,6076,2,0.39,4
91,137,79200,6089,2,0.044,7
91,137,79200,6104,2,0.23,3
91,137,79200,6117,2,0.198,22
91,137,79200,6126,3,0.02,3
91,138,129600,5320,5,2.40E-04,19
91,138,129600,5320,5,2.40E-04,19
91,138,129600,5413,5,4.80E-04,0
91,138,129600,5413,5,4.80E-04,0
91,138,129600,5422,0,3.40E-04,10
91,138,129600,5422,0,3.40E-04,10
91,138,129600,5479,5,0.0082,0
91,138,129600,5479,5,0.0082,0
91,138,129600,5501,5,0.0034,0
91,138,129600,5501,5,0.0034,0
91,138,129600,5517,5,0.0029,0
91,138,129600,5517,5,0.0029,0
91,138,129600,5536,5,0.041,0
91,138,129600,5536,5,0.041,0
91,138,129600,5565,5,0.0187,0
91,138,129600,5565,5,0.0187,0
91,138,129600,5580,5,0.173,0
91,138,129600,5580,5,0.173,0
91,138,129600,5591,5,0.0221,0
91,138,129600,5591,5,0.0221,0
91,138,129600,5615,5,0.064,0
91,138,129600,5615,5,0.064,0
91,138,129600,5630,5,0.047,0
91,138,129600,5630,5,0.047,0
91,138,129600,5656,4,5.00E-04,5
91,138,129600,5658,0,5.00E-04,5
91,138,129600,5670,5,0.089,0
91,138,129600,5670,5,0.089,0
91,138,129600,5695,5,9.60E-04,0
91,138,129600,5695,5,9.60E-04,0
91,138,129600,5703,4,5.00E-04,5
91,138,129600,5705,5,5.00E-04,5
91,138,129600,5733,4,0.0012,12
91,138,129600,5734,5,0.0012,12
91,139,1503359.1,4766,2,6.00E-06,3
91,139,1503359.1,4798,5,9.60E-07,10
91,139,1503359.1,4934,3,1.30E-05,6
91,139,1503359.1,4973,2,2.20E-05,6
91,139,1503359.1,5060,3,1.30E-05,6
91,139,1503359.1,5084,2,2.20E-05,6
91,139,1503359.1,5119,3,1.90E-05,6
91,139,1503359.1,5153,2,1.30E-05,3
91,139,1503359.1,5183,3,1.60E-05,6
91,139,1503359.1,5216.6,15,1.60E-05,3
91,139,1503359.1,5268.4,7,1.12E-04,16
91,139,1503359.1,5275.6,7,9.60E-05,16
91,139,1503359.1,5287.4,15,1.00E-04,3
91,139,1503359.1,5300.5,7,5.40E-04,10
91,139,1503359.1,5312,7,4.20E-04,10
91,139,1503359.1,5326.2,7,5.80E-04,10
91,139,1503359.1,5339.7,10,4.80E-04,16
91,139,1503359.1,5344.7,7,7.40E-04,16
91,140,1.03E+12,4410,10,0.0127,5
91,140,1.03E+12,4508,2,0.00365,25
91,140,1.03E+12,4566,2,0.0019,4
91,140,1.03E+12,4599,2,0.0153,18
91,140,1.03E+12,4632,2,0.075,9
91,140,1.03E+12,4643,2,0.082,7
91,140,1.03E+12,4681,2,1.5,0
91,140,1.03E+12,4713,2,1.268,21
91,140,1.03E+12,4736,8,8.4,0
91,140,1.03E+12,4795,2,0.183,13
91,140,1.03E+12,4853,2,1.4,0
91,140,1.03E+12,4900,2,0.002,0
91,140,1.03E+12,4934,2,3,0
91,140,1.03E+12,4951.3,14,22.8,0
91,140,1.03E+12,4975,2,0.4,0
91,140,1.03E+12,4986,2,1.4,0
91,140,1.03E+12,5013.8,14,25.4,0
91,140,1.03E+12,5028.4,10,20,0
91,140,1.03E+12,5032,2,2.5,25
91,140,1.03E+12,5058.6,15,11,0
92,124,7.00E-04,10582,30,100,0
92,124,0.0045,8372,30,100,0
92,125,0.016,8018,14,100,0
92,126,5.10E-04,8612,9,100,0
92,126,5.60E-04,10678,17,100,0
92,127,4.20E-05,9774,18,100,0
92,129,6.60E-07,9710,50,100,0
92,130,4.70E-06,9310,50,100,0
92,132,3.96E-04,8095,11,3.4,8
92,132,3.96E-04,8479,8,96.6,8
92,133,0.069,7630,20,2,10
92,133,0.069,7820,20,15,7
92,133,0.069,7867,6,83,7
92,134,0.35,7387,7,15,5
92,134,0.35,7566,4,85,11
92,135,66,6740,50,16,4
92,135,66,6860,30,50,6
92,135,66,6905,60,14,3
92,135,66,7060,60,20,20
92,136,546,6409,0,0.55,20
92,136,546,6442,0,0.64,11
92,136,546,6590,10,28,4
92,136,546,6680,10,68,4
92,137,3480,6185,3,0.2,10
92,137,3480,6223,3,0.6,21
92,137,3480,6260,3,0.2,10
92,137,3480,6297,3,2.2,3
92,137,3480,6332,3,4,6
92,137,3480,6360,6,12.8,18
92,138,1797120,5056,2,6.90E-05,7
92,138,1797120,5097.1,4,3.00E-04,3
92,138,1797120,5445.8,9,2.50E-04,3
92,138,1797120,5448.7,10,7.00E-05,7
92,138,1797120,5533,2,1.00E-04,10
92,138,1797120,5543,1,5.40E-04,5
92,138,1797120,5586,7,0.0115,10
92,138,1797120,5662.4,7,0.26,3
92,138,1797120,5667,7,0.38,4
92,138,1797120,5817.5,7,32,20
92,138,1797120,5888.4,7,67.4,4
92,139,362880,5167,0,8.80E-06,0
92,139,362880,5196,0,3.10E-05,0
92,139,362880,5252,0,8.00E-06,0
92,139,362880,5255,0,2.00E-06,5
92,139,362880,5283,0,1.20E-05,0
92,139,362880,5299,0,1.60E-05,0
92,139,362880,5355,0,2.70E-05,0
92,139,362880,5383,0,2.20E-04,0
92,139,362880,5394,0,5.60E-05,15
92,139,362880,5404,4,8.40E-04,0
92,139,362880,5408,0,6.00E-06,6
92,139,362880,5443,0,2.40E-05,6
92,139,362880,5456,3,0.0017,0
92,139,362880,5471,3,0.0011,0
92,139,362880,5480,0,2.80E-05,8
92,140,2.17E+09,4460.94,0,3.90E-06,9
92,140,2.17E+09,4502.8,0,2.10E-05,20
92,140,2.17E+09,4810.04,0,5.60E-05,3
92,140,2.17E+09,4931.04,0,4.80E-05,4
92,140,2.17E+09,4948.63,0,5.10E-05,5
92,140,2.17E+09,4997.94,0,0.00616,8
92,140,2.17E+09,5139,20,0.3,20
92,140,2.17E+09,5263.36,9,31.55,23
92,140,2.17E+09,5320.12,14,68.15,23
92,141,5.02E+12,4309,2,9.00E-04,0
92,141,5.02E+12,4404,2,3.00E-04,0
92,141,5.02E+12,4411,2,4.00E-04,0
92,141,5.02E+12,4457,2,0.0028,0
92,141,5.02E+12,4465,2,0.003,0
92,141,5.02E+12,4483,2,0.0014,0
92,141,5.02E+12,4503,2,0.001,0
92,141,5.02E+12,4507,2,0.012,0
92,141,5.02E+12,4513,2,0.018,0
92,141,5.02E+12,4538,2,0.004,0
92,141,5.02E+12,4565,2,0.0023,0
92,141,5.02E+12,4590,2,0.007,0
92,141,5.02E+12,4611,2,0.006,0
92,141,5.02E+12,4615,2,0.004,0
92,141,5.02E+12,4634,2,0.01,0
92,141,5.02E+12,4641,2,0.003,0
92,141,5.02E+12,4656,2,0.005,5
92,141,5.02E+12,4664,2,0.042,0
92,141,5.02E+12,4681,0,0.01,0
92,141,5.02E+12,4687,2,0.0028,0
92,141,5.02E+12,4701,2,0.06,0
92,141,5.02E+12,4729,2,1.61,0
92,141,5.02E+12,4751,2,0.01,0
92,141,5.02E+12,4754,2,0.163,0
92,141,5.02E+12,4758,2,0.016,0
92,141,5.02E+12,4783.5,12,13.2,0
92,141,5.02E+12,4796,2,0.28,0
92,141,5.02E+12,4824.2,12,84.3,6
92,142,7.75E+12,4108.6,15,7.00E-06,7
92,142,7.75E+12,4150.6,15,2.60E-05,9
92,142,7.75E+12,4277.3,9,4.00E-05,10
92,142,7.75E+12,4603.5,15,0.2,10
92,142,7.75E+12,4722.4,14,28.42,9
92,142,7.75E+12,4774.6,14,71.38,16
92,143,2.22E+16,3976,5,0.007,7
92,143,2.22E+16,4080.6,40,0.016,12
92,143,2.22E+16,4153,3,0.297,18
92,143,2.22E+16,4215.8,5,6.01,16
92,143,2.22E+16,4219,6,0.9,9
92,143,2.22E+16,4248,5,0.07,10
92,143,2.22E+16,4266.2,22,0.22,3
92,143,2.22E+16,4282.9,24,0.11,4
92,143,2.22E+16,4295,0,0.009,9
92,143,2.22E+16,4322.9,6,3.52,19
92,143,2.22E+16,4364.3,4,18.92,14
92,143,2.22E+16,4395.4,4,57.73,24
92,143,2.22E+16,4414.9,5,3.09,6
92,143,2.22E+16,4438.5,5,0.24,3
92,143,2.22E+16,4502.5,7,1.28,4
92,143,2.22E+16,4556.1,4,3.82,6
92,143,2.22E+16,4597.4,4,4.77,7
92,144,7.39E+14,4168,0,1.40E-04,5
92,144,7.39E+14,4332,8,0.15,20
92,144,7.39E+14,4445,5,26,4
92,144,7.39E+14,4494,3,74,4
92,146,1.41E+17,4038,5,0.078,12
92,146,1.41E+17,4151,5,21,3
92,146,1.41E+17,4198,3,79,3
93,133,0.035,8000,20,50,15
93,133,0.035,8060,20,50,15
93,136,240,6893,23,68,0
93,142,3.42E+07,4809,7,2.60E-06,3
93,142,3.42E+07,4862,3,1.80E-05,3
93,142,3.42E+07,4925,2,2.99E-04,20
93,142,3.42E+07,4940,6,1.56E-05,17
93,142,3.42E+07,4997,4,1.56E-04,17
93,142,3.42E+07,5007,0,7.00E-06,7
93,142,3.42E+07,5008,4,6.20E-04,21
93,142,3.42E+07,5025,2,0.00138,22
93,142,3.42E+07,5051,2,4.70E-05,8
93,142,3.42E+07,5100,3,5.20E-06,0
93,142,3.42E+07,5108,3,3.90E-05,6
93,144,6.77E+13,4515.1,19,0.035,4
93,144,6.77E+13,4573,3,0.048,23
93,144,6.77E+13,4578.6,14,0.369,23
93,144,6.77E+13,4594.9,20,0.085,0
93,144,6.77E+13,4599.1,18,0.371,9
93,144,6.77E+13,4619.7,21,0.032,8
93,144,6.77E+13,4640,10,6.43,3
93,144,6.77E+13,4659.1,20,0.3,3
93,144,6.77E+13,4665,9,3.478,24
93,144,6.77E+13,4698.2,8,0.535,10
93,144,6.77E+13,4708.3,20,0.6,6
93,144,6.77E+13,4712.3,20,0.6,6
93,144,6.77E+13,4741.3,20,0.019,0
93,144,6.77E+13,4766.5,8,9.3,3
93,144,6.77E+13,4771.4,8,23.2,3
93,144,6.77E+13,4788,9,47.64,6
93,144,6.77E+13,4803.5,10,2.014,17
93,144,6.77E+13,4816.8,10,2.43,17
93,144,6.77E+13,4866.4,14,0.53,4
93,144,6.77E+13,4872.7,14,2.39,4
94,136,102,6999,15,19,4
94,136,102,7057,10,81,9
94,138,1986,6542,10,7.6,23
94,138,1986,6600,10,15,4
94,140,31680,6031,0,0.024,0
94,140,31680,6151,0,1.9,0
94,140,31680,6202,0,4.1,0
94,141,1518,5850,20,0.0022,5
94,142,9.02E+07,4816.4,0,1.53E-05,0
94,142,9.02E+07,4856,0,1.33E-05,0
94,142,9.02E+07,4915.4,0,1.21E-05,6
94,142,9.02E+07,4948.2,0,6.00E-07,0
94,142,9.02E+07,5033.5,0,2.46E-06,0
94,142,9.02E+07,5045.5,0,1.30E-05,10
94,142,9.02E+07,5087.9,0,5.80E-04,10
94,142,9.02E+07,5214,0,2.60E-04,10
94,142,9.02E+07,5236.1,0,1.30E-05,20
94,142,9.02E+07,5450.4,0,0.00185,0
94,142,9.02E+07,5613.7,0,0.23,0
94,142,9.02E+07,5720.87,10,30.8,3
94,142,9.02E+07,5767.53,8,69.1,3
94,143,3925152,5089.1,31,2.10E-05,3
94,143,3925152,5147.1,24,2.30E-04,3
94,143,3925152,5296.9,24,5.10E-04,7
94,143,3925152,5329.9,24,0.0019,3
94,143,3925152,5351.8,24,7.30E-04,10
94,143,3925152,5495.5,24,3.20E-05,4
94,143,3925152,5558.6,24,1.18E-04,16
94,143,3925152,5610.3,23,2.70E-04,4
94,143,3925152,5650.6,23,2.80E-04,4
94,144,2.77E+09,4430.7,4,1.10E-06,11
94,144,2.77E+09,4470.8,3,1.20E-06,20
94,144,2.77E+09,4524.9,4,7.00E-08,7
94,144,2.77E+09,4565.8,3,2.50E-07,8
94,144,2.77E+09,4590,0,1.20E-05,0
94,144,2.77E+09,4661,0,5.93E-06,23
94,144,2.77E+09,4662.6,4,9.00E-08,4
94,144,2.77E+09,4704,0,5.00E-05,0
94,144,2.77E+09,4724,0,2.20E-05,0
94,144,2.77E+09,5015,0,6.80E-06,4
94,144,2.77E+09,5205.6,0,0.003,10
94,144,2.77E+09,5357.7,0,0.105,5
94,144,2.77E+09,5456.3,3,28.98,10
94,144,2.77E+09,5499.03,20,70.91,10
94,145,7.61E+11,4059,0,2.10E-08,4
94,145,7.61E+11,4117,0,9.30E-08,8
94,145,7.61E+11,4181,0,5.60E-08,7
94,145,7.61E+11,4187,0,7.60E-08,7
94,145,7.61E+11,4202,0,4.00E-08,5
94,145,7.61E+11,4204.5,0,6.10E-08,4
94,145,7.61E+11,4280,0,1.90E-07,10
94,145,7.61E+11,4306,0,1.00E-07,10
94,145,7.61E+11,4326,0,4.18E-08,3
94,145,7.61E+11,4327,0,2.30E-07,10
94,145,7.61E+11,4349,0,3.00E-07,4
94,145,7.61E+11,4364.5,0,8.30E-08,6
94,145,7.61E+11,4380,0,2.50E-05,8
94,145,7.61E+11,4390,0,1.00E-06,10
94,145,7.61E+11,4392,0,7.07E-07,23
94,145,7.61E+11,4400.3,0,1.03E-05,13
94,145,7.61E+11,4408,0,1.00E-07,20
94,145,7.61E+11,4419,0,3.30E-07,3
94,145,7.61E+11,4448.5,0,2.13E-06,9
94,145,7.61E+11,4464.7,0,1.15E-05,4
94,145,7.61E+11,4467.4,0,6.90E-06,10
94,145,7.61E+11,4497,0,1.50E-08,15
94,145,7.61E+11,4503,0,5.37E-06,9
94,145,7.61E+11,4510,20,8.00E-05,3
94,145,7.61E+11,4529.6,0,3.19E-06,3
94,145,7.61E+11,4534,0,2.82E-06,5
94,145,7.61E+11,4559,0,1.20E-05,5
94,145,7.61E+11,4632,3,7.00E-04,20
94,145,7.61E+11,4655,0,2.80E-06,6
94,145,7.61E+11,4691,3,5.00E-04,20
94,145,7.61E+11,4718.5,0,4.00E-05,10
94,145,7.61E+11,4736,3,0.0051,8
94,145,7.61E+11,4749,5,6.00E-04,6
94,145,7.61E+11,4769,5,0.0015,6
94,145,7.61E+11,4795,4,0.0012,6
94,145,7.61E+11,4824,0,2.20E-05,20
94,145,7.61E+11,4828,3,0.0024,7
94,145,7.61E+11,4866,5,0.0019,7
94,145,7.61E+11,4871,5,7.00E-04,3
94,145,7.61E+11,4912,5,0.0024,9
94,145,7.61E+11,4934,3,0.006,10
94,145,7.61E+11,4960,5,0.007,10
94,145,7.61E+11,4987,3,0.013,20
94,145,7.61E+11,5006,5,0.017,20
94,145,7.61E+11,5028,3,0.009,3
94,145,7.61E+11,5054,5,0.047,13
94,145,7.61E+11,5076,5,0.078,8
94,145,7.61E+11,5105.5,8,11.94,7
94,145,7.61E+11,5111,0,0.01,10
94,145,7.61E+11,5144.3,8,17.11,14
94,145,7.61E+11,5156.59,14,70.77,14
94,145,7.61E+11,5156.7,0,0.03,3
94,146,2.07E+11,4217.3,0,3.00E-08,3
94,146,2.07E+11,4224.1,0,3.00E-08,3
94,146,2.07E+11,4226.1,0,5.00E-08,5
94,146,2.07E+11,4264.38,21,5.90E-07,7
94,146,2.07E+11,4436.4,0,1.30E-08,7
94,146,2.07E+11,4492.07,17,2.00E-05,10
94,146,2.07E+11,4654.69,16,4.60E-05,5
94,146,2.07E+11,4863.6,15,0.00106,3
94,146,2.07E+11,5021.23,15,0.084,3
94,146,2.07E+11,5123.68,23,27.1,10
94,146,2.07E+11,5168.17,15,72.8,10
94,147,4.51E+08,4692,6,7.40E-07,7
94,147,4.51E+08,4732,0,7.40E-07,7
94,147,4.51E+08,4742,5,1.72E-06,17
94,147,4.51E+08,4783,5,4.90E-06,25
94,147,4.51E+08,4797,3,3.43E-05,25
94,147,4.51E+08,4852.9,11,2.96E-04,5
94,147,4.51E+08,4895.9,11,0.002038,15
94,147,4.51E+08,4972,3,3.19E-05,25
94,147,4.51E+08,4999,4,1.00E-05,12
94,147,4.51E+08,5042,3,2.50E-05,0
94,147,4.51E+08,5055,5,8.57E-06,0
94,148,1.18E+13,4600.1,10,6.20E-04,3
94,148,1.18E+13,4756.2,10,0.0304,14
94,148,1.18E+13,4858.2,10,23.4,6
94,148,1.18E+13,4902.3,10,76.5,6
94,150,2.56E+15,4546,1,19.4,8
94,150,2.56E+15,4589,1,80.5,8
95,142,4416,6042,5,0.025,0
95,143,5880,5940,0,5.00E-05,5
95,144,42840,5680,2,1.98E-04,20
95,144,42840,5734,2,0.00138,14
95,144,42840,5774.2,15,0.0084,8
95,144,42840,5825,4,3.30E-05,4
95,145,182880,5286,3,2.30E-06,3
95,145,182880,5337,2,2.28E-05,24
95,145,182880,5378,1,1.65E-04,17
95,146,1.37E+10,4758,0,5.00E-06,5
95,146,1.37E+10,4800,0,8.60E-05,0
95,146,1.37E+10,4834,0,7.00E-04,0
95,146,1.37E+10,5004,0,1.00E-04,0
95,146,1.37E+10,5068,0,1.40E-04,0
95,146,1.37E+10,5089,0,4.00E-04,4
95,146,1.37E+10,5096,0,4.00E-04,4
95,146,1.37E+10,5114,0,4.00E-04,0
95,146,1.37E+10,5137,0,3.20E-04,0
95,146,1.37E+10,5155,0,7.00E-04,0
95,146,1.37E+10,5178,0,3.00E-04,0
95,146,1.37E+10,5182,0,9.00E-04,0
95,146,1.37E+10,5192,0,6.00E-04,0
95,146,1.37E+10,5217,0,1.00E-05,10
95,146,1.37E+10,5223,0,0.0013,0
95,146,1.37E+10,5244,0,0.0024,0
95,146,1.37E+10,5279,0,5.00E-04,0
95,146,1.37E+10,5322,0,0.015,5
95,146,1.37E+10,5388,0,1.66,20
95,146,1.37E+10,5416.5,0,0.01,10
95,146,1.37E+10,5442.8,13,13.1,3
95,146,1.37E+10,5469,0,0.02,20
95,146,1.37E+10,5485.56,12,84.8,5
95,146,1.37E+10,5511.5,0,0.225,5
95,146,1.37E+10,5544.5,16,0.37,3
95,147,4.45E+09,4974.7,0,9.20E-06,9
95,147,4.45E+09,5027.2,15,9.00E-05,5
95,147,4.45E+09,5068,3,0.0011,3
95,147,4.45E+09,5082,2,1.38E-04,0
95,147,4.45E+09,5091.8,6,1.00E-03,3
95,147,4.45E+09,5143,13,0.0257,11
95,147,4.45E+09,5153.1,15,9.18E-05,0
95,147,4.45E+09,5173.31,26,9.00E-05,9
95,147,4.45E+09,5175.3,10,9.00E-05,9
95,147,4.45E+09,5207.06,25,0.409,11
95,147,4.45E+09,5214.5,0,1.38E-04,0
95,147,4.45E+09,5248.01,25,0.003,3
95,147,4.45E+09,5248.12,26,0.003,3
95,147,4.45E+09,5249.5,26,9.00E-05,9
95,147,4.45E+09,5251.67,26,9.00E-05,9
95,147,4.45E+09,5272.85,25,0.005,5
95,147,4.45E+09,5314.83,25,0.0028,5
95,147,4.45E+09,5331.85,25,7.00E-04,5
95,147,4.45E+09,5367.61,25,0.005,9
95,147,4.45E+09,5410.03,25,0.0046,9
95,147,4.45E+09,5458.58,25,6.43E-04,0
95,147,4.45E+09,5517.79,0,1.40E-05,14
95,148,2.32E+11,4695,3,0.0017,5
95,148,2.32E+11,4919,3,8.50E-05,0
95,148,2.32E+11,4930,3,1.80E-04,0
95,148,2.32E+11,4946,3,3.40E-04,0
95,148,2.32E+11,4997,3,8.00E-04,8
95,148,2.32E+11,5008,3,8.00E-04,8
95,148,2.32E+11,5029,3,0.002,20
95,148,2.32E+11,5035,3,0.0015,15
95,148,2.32E+11,5088,5,0.0055,6
95,148,2.32E+11,5113,1,0.008,3
95,148,2.32E+11,5181,1,1.383,7
95,148,2.32E+11,5233.3,10,11.46,5
95,148,2.32E+11,5275.3,10,86.74,5
95,148,2.32E+11,5321,1,0.192,3
95,148,2.32E+11,5349.4,23,0.24,3
96,142,8640,6464,40,1.17,6
96,142,8640,6520,50,2.67,13
96,144,2332800,5989,0,0.01396,0
96,144,2332800,6147,0,0.05184,0
96,144,2332800,6247.7,5,28.8,8
96,144,2332800,6290.5,5,70.9,8
96,145,2833919.1,5687,3,0.0022,5
96,145,2833919.1,5719,3,8.00E-04,4
96,145,2833919.1,5785,3,7.00E-04,10
96,145,2833919.1,5863,3,0.0014,5
96,145,2833919.1,5884.7,6,0.118,12
96,145,2833919.1,5914,4,0.0012,5
96,145,2833919.1,5927.2,15,0.181,19
96,145,2833919.1,5939,6,0.69,7
96,145,2833919.1,5978,3,0.0028,8
96,145,2833919.1,6036,3,0.0012,4
96,145,2833919.1,6080.9,17,0.0015,5
96,146,1.41E+07,4869.43,23,5.20E-07,15
96,146,1.41E+07,4904.44,23,5.50E-07,15
96,146,1.41E+07,5005.64,19,3.10E-07,8
96,146,1.41E+07,5101.21,10,3.70E-06,8
96,146,1.41E+07,5111.1,3,1.00E-07,10
96,146,1.41E+07,5146.07,12,1.70E-06,4
96,146,1.41E+07,5165.95,16,1.13E-06,21
96,146,1.41E+07,5186.95,12,3.60E-05,7
96,146,1.41E+07,5366.22,15,2.20E-07,3
96,146,1.41E+07,5462.47,14,1.26E-05,24
96,146,1.41E+07,5517.75,11,2.50E-04,5
96,146,1.41E+07,5607.76,16,2.00E-05,0
96,146,1.41E+07,5816.39,11,0.0046,5
96,146,1.41E+07,5969.24,9,0.035,20
96,146,1.41E+07,6069.43,12,25.92,6
96,146,1.41E+07,6112.72,8,74.08,7
96,147,9.12E+08,5226,15,3.89E-04,0
96,147,9.12E+08,5267,3,0.0014957,0
96,147,9.12E+08,5316,3,9.97E-04,0
96,147,9.12E+08,5323,3,0.0029913,0
96,147,9.12E+08,5332,3,0.0029913,0
96,147,9.12E+08,5523,3,0.0019942,0
96,147,9.12E+08,5532,3,0.0059826,0
96,147,9.12E+08,5537,3,0.0019942,0
96,147,9.12E+08,5568,3,0.0069797,0
96,147,9.12E+08,5575,3,0.0069797,0
96,147,9.12E+08,5582,3,0.009,9
96,147,9.12E+08,5587,3,0.0199,20
96,147,9.12E+08,5593,3,0.009971,0
96,147,9.12E+08,5609,3,0.005,5
96,147,9.12E+08,5612,3,0.03,3
96,147,9.12E+08,5622,0,0.059826,0
96,147,9.12E+08,5639,3,0.13959,0
96,147,9.12E+08,5646,0,0.029913,0
96,147,9.12E+08,5682,3,0.19942,0
96,147,9.12E+08,5686,0,1.5954,0
96,147,9.12E+08,5742.1,9,11.5,5
96,147,9.12E+08,5785.2,9,73,23
96,147,9.12E+08,5876,3,0.69797,0
96,147,9.12E+08,5907,3,0.09971,0
96,147,9.12E+08,5991.8,15,5.68,20
96,147,9.12E+08,6010,0,1.0968,0
96,147,9.12E+08,6058,1,4.7,3
96,147,9.12E+08,6066.2,17,1.5,20
96,148,5.72E+08,4920,3,5.00E-05,5
96,148,5.72E+08,4960,3,1.49E-04,16
96,148,5.72E+08,5166.64,7,4.00E-06,3
96,148,5.72E+08,5215,3,5.60E-05,5
96,148,5.72E+08,5315,0,4.00E-05,0
96,148,5.72E+08,5513,3,0.00352,18
96,148,5.72E+08,5664,3,0.0204,15
96,148,5.72E+08,5762.64,3,23.1,10
96,148,5.72E+08,5804.77,5,76.9,10
96,149,2.66E+11,5119,0,0.002,20
96,149,2.66E+11,5151,0,0.0025,25
96,149,2.66E+11,5234.4,12,0.32,0
96,149,2.66E+11,5272.8,12,0.07,0
96,149,2.66E+11,5304.3,10,5,10
96,149,2.66E+11,5361.1,11,93.2,5
96,149,2.66E+11,5371.1,5,0.02,10
96,149,2.66E+11,5371.6,5,0.43,18
96,149,2.66E+11,5436.1,5,0.04,0
96,149,2.66E+11,5488.5,5,0.83,0
96,149,2.66E+11,5529,5,0.58,0
96,150,1.50E+11,5343.5,10,17.8,12
96,150,1.50E+11,5386.5,10,82.2,12
96,151,4.92E+14,4820,4,4.7,3
96,151,4.92E+14,4870,4,71,10
96,151,4.92E+14,4943,4,1.6,20
96,151,4.92E+14,4985,4,2,20
96,151,4.92E+14,5147,4,1.2,20
96,151,4.92E+14,5212,4,5.7,5
96,151,4.92E+14,5267,4,13.8,7
96,152,1.10E+13,4775.8,15,0.005,5
96,152,1.10E+13,4930.97,50,0.07,11
96,152,1.10E+13,5034.89,25,16.52,18
96,152,1.10E+13,5078.41,25,75,4
97,146,16200,6185,4,0.0059,10
97,146,16200,6213,4,0.0204,24
97,146,16200,6397,0,3.00E-04,4
97,146,16200,6449,5,0.0011,3
97,146,16200,6505,4,0.0104,15
97,146,16200,6545,4,0.029,4
97,146,16200,6577,4,0.038,5
97,146,16200,6608,5,0.00105,15
97,146,16200,6669,4,0.0018,3
97,146,16200,6721,4,0.0188,23
97,146,16200,6761,4,0.023,3
97,147,15659.1,6626,4,0.003,15
97,147,15659.1,6665,3,0.003,15
97,148,427680,5796,0,0.00108,15
97,148,427680,5852,2,0.00168,0
97,148,427680,5861,2,0.0032,0
97,148,427680,5886,2,0.0258,22
97,148,427680,5983,3,1.00E-04,3
97,148,427680,6035,2,6.60E-04,11
97,148,427680,6085,2,0.0074,7
97,148,427680,6113,0,0.0062,0
97,148,427680,6118,2,0.012,12
97,148,427680,6147,2,0.022,19
97,148,427680,6193,2,0.00144,17
97,148,427680,6258,2,0.0018,19
97,148,427680,6308,2,0.018,16
97,148,427680,6348,2,0.0186,17
97,150,4.36E+10,5456,5,1.5,20
97,150,4.36E+10,5501,5,7,10
97,150,4.36E+10,5531,5,45,20
97,150,4.36E+10,5610,5,0.4,4
97,150,4.36E+10,5654,5,5.5,6
97,150,4.36E+10,5688,5,13,10
97,150,4.36E+10,5710,5,17,10
97,150,4.36E+10,5754,5,4.3,4
97,150,4.36E+10,5794,5,5.5,5
97,152,2.85E+07,5045,0,5.80E-07,0
97,152,2.85E+07,5114,0,2.60E-05,13
97,152,2.85E+07,5151,0,5.50E-07,0
97,152,2.85E+07,5249.4,11,1.45E-06,17
97,152,2.85E+07,5314,0,1.07E-06,0
97,152,2.85E+07,5322,0,7.00E-07,0
97,152,2.85E+07,5352,0,2.18E-05,0
97,152,2.85E+07,5389.7,10,2.32E-04,0
97,152,2.85E+07,5416.6,10,0.00108,0
97,152,2.85E+07,5437.1,11,7.00E-05,0
98,142,57.6,7545,0,28,5
98,142,57.6,7590,10,59,9
98,145,642,7060,10,9.9,14
98,145,642,7170,10,4.1,6
98,146,1164,7174,5,18,8
98,146,1164,7209,4,53,16
98,147,2700,6978,0,0.109,0
98,147,2700,7016,0,0.109,0
98,147,2700,7058,0,0.24,0
98,147,2700,7084,10,2.47,0
98,147,2700,7137.9,19,32.4,0
98,148,128520,6467,7,0.016,16
98,148,128520,6615.6,10,0.15,20
98,148,128520,6708.2,10,20.6,10
98,148,128520,6750,10,79.3,10
98,149,11196,6238,6,0.0018,4
98,149,11196,6296,5,0.033,5
98,150,2.88E+07,6118,7,0.4,20
98,150,2.88E+07,6217,5,19.6,10
98,150,2.88E+07,6258,5,80,10
98,151,1.11E+10,5201,0,3.00E-05,3
98,151,1.11E+10,5238,0,1.00E-04,10
98,151,1.11E+10,5273,0,6.00E-05,6
98,151,1.11E+10,5307,0,6.00E-05,6
98,151,1.11E+10,5341,0,4.00E-04,4
98,151,1.11E+10,5359,0,5.00E-05,5
98,151,1.11E+10,5370,0,1.30E-04,13
98,151,1.11E+10,5422,0,1.50E-04,15
98,151,1.11E+10,5431,0,0.0026,3
98,151,1.11E+10,5433,3,7.70E-04,8
98,151,1.11E+10,5471,3,2.00E-04,0
98,151,1.11E+10,5483,3,3.20E-04,0
98,151,1.11E+10,5501,3,0.044,20
98,151,1.11E+10,5532,3,2.10E-04,0
98,151,1.11E+10,5559,2,0.113,5
98,151,1.11E+10,5604,3,0.001,0
98,151,1.11E+10,5616,3,0.0069,0
98,151,1.11E+10,5645,3,0.0015,15
98,151,1.11E+10,5658,3,1.00E-04,10
98,151,1.11E+10,5694,2,0.3,10
98,151,1.11E+10,5704,2,0.03,0
98,151,1.11E+10,5759.5,10,4.69,5
98,151,1.11E+10,5783.3,20,0.26,0
98,151,1.11E+10,5813.3,10,82.2,5
98,151,1.11E+10,5849.3,10,1.43,20
98,151,1.11E+10,5903.2,10,3.21,3
98,151,1.11E+10,5946,10,3.33,3
98,151,1.11E+10,5999.6,20,0.026,0
98,151,1.11E+10,6071.9,20,0.346,7
98,151,1.11E+10,6139.3,7,1.33,10
98,151,1.11E+10,6193.8,7,2.46,20
98,152,4.13E+08,5742,3,0.007,20
98,152,4.13E+08,5891,3,0.283,15
98,152,4.13E+08,5989.9,6,17.11,11
98,152,4.13E+08,6030.22,20,82.58,11
98,153,2.83E+10,5505,2,0.27,5
98,153,2.83E+10,5567,2,1,10
98,153,2.83E+10,5569,2,1,10
98,153,2.83E+10,5635,2,4.9,20
98,153,2.83E+10,5651,2,3.3,20
98,153,2.83E+10,5679.3,16,35.4,5
98,153,2.83E+10,5738,2,0.8,10
98,153,2.83E+10,5766,2,3.6,20
98,153,2.83E+10,5798,2,2.5,20
98,153,2.83E+10,5817,2,4,20
98,153,2.83E+10,5854,2,27.6,5
98,153,2.83E+10,5946,2,0.6,6
98,153,2.83E+10,6017,2,12.5,3
98,153,2.83E+10,6078,2,2.6,10
98,154,8.35E+07,5616,0,5.80E-05,6
98,154,8.35E+07,5826.3,0,0.00193816,0
98,154,8.35E+07,5976.6,0,0.24,12
98,154,8.35E+07,6075.64,11,14.5,9
98,154,8.35E+07,6118.1,4,81.5,4
98,155,1538784,5920,5,0.016,6
98,155,1538784,5980,4,0.29,4
98,156,5227200,5791,5,0.053,7
98,156,5227200,5833,5,0.257,18
99,144,23,7745,10,2.3,7
99,144,23,7893,10,43,5
99,144,23,7939,10,7,3
99,146,66,7654,6,1.2,5
99,146,66,7699,5,5.2,21
99,146,66,7730,1,32,8
99,146,66,7780,3,2,6
99,148,273,7213,5,0.14,5
99,148,273,7275,3,0.84,16
99,148,273,7323,1,6,7
99,149,1440,6848,14,0.023,20
99,149,1440,6879,5,0.16,4
99,149,1440,6907,5,0.07,3
99,150,6132,6716,12,0.04,3
99,150,6132,6776,2,0.53,11
99,152,118800,6410,3,0.017,7
99,152,118800,6422,3,0.015,7
99,152,118800,6452,3,0.017,7
99,152,118800,6462,3,0.047,19
99,152,118800,6492,3,0.41,16
99,153,4.08E+07,5943,4,0.031,12
99,153,4.08E+07,5985,4,0.039,12
99,153,4.08E+07,6017,4,0.094,24
99,153,4.08E+07,6051,3,0.8,7
99,153,4.08E+07,6109,5,0.094,24
99,153,4.08E+07,6156,5,0.031,3
99,153,4.08E+07,6181,5,0.062,23
99,153,4.08E+07,6215,5,0.078,23
99,153,4.08E+07,6239,3,0.44,4
99,153,4.08E+07,6265,3,0.59,6
99,153,4.08E+07,6298,5,0.031,3
99,153,4.08E+07,6374,5,0.055,23
99,153,4.08E+07,6424,5,0.35,4
99,153,4.08E+07,6461,3,0.2,3
99,153,4.08E+07,6482,3,1.71,8
99,153,4.08E+07,6498,5,0.24,3
99,153,4.08E+07,6562,3,10.6,4
99,153,4.08E+07,6632,3,62.6,18
99,155,141480,6280,3,5.10E-04,10
99,155,141480,6297,2,0.00154,20
99,155,141480,6325,2,0.007,7
99,155,141480,6357,2,0.0266,18
99,155,141480,6382,2,0.24,8
99,155,141480,6415,2,0.0058,7
99,155,141480,6455,3,3.80E-04,13
99,155,141480,6463,2,0.00198,23
99,155,141480,6469,4,2.60E-04,3
99,155,141480,6513,2,0.004,4
99,155,141480,6557,2,0.0186,14
99,155,141480,6591,4,0.0128,16
99,155,2.38E+07,6000,20,0.03,3
99,155,2.38E+07,6048,5,0.16,0
99,155,2.38E+07,6105,2,0.34,20
99,155,2.38E+07,6177,0,0.02,20
99,155,2.38E+07,6184,2,0.06,6
99,155,2.38E+07,6194,2,0.04,20
99,155,2.38E+07,6266,2,0.22,20
99,155,2.38E+07,6275,0,0.14,20
99,155,2.38E+07,6324,2,0.04,10
99,155,2.38E+07,6347,2,0.75,5
99,155,2.38E+07,6358.4,15,2.6,3
99,155,2.38E+07,6378,0,0.005,5
99,155,2.38E+07,6383,2,0.05,5
99,155,2.38E+07,6415.4,15,1.8,10
99,155,2.38E+07,6428.6,15,93.1,10
99,155,2.38E+07,6435,0,0.03,3
99,155,2.38E+07,6476,0,0.23,4
99,156,3438719.1,6213,0,0.2,0
99,156,3438719.1,6266.5,30,0.78,0
99,156,3438719.1,6401.4,17,7,0
100,146,1.1,8194,0,18,18
100,146,1.1,8237,15,74,19
100,147,5.1,8172,16,86,0
100,147,31,7824,18,64,0
100,148,34.5,7830,20,19,0
100,148,34.5,7870,20,76,0
100,150,1800,7396,15,15,3
100,150,1800,7435,11,75,3
100,151,19080,6580,3,0.0047,8
100,151,19080,6639,3,0.0101,13
100,151,19080,6682,4,0.0013,5
100,151,19080,6721,3,0.0079,9
100,151,19080,6763,3,0.0068,12
100,151,19080,6783,2,0.086,7
100,151,19080,6834,2,1.57,11
100,151,19080,6886,2,0.031,3
100,151,19080,6929,2,0.032,3
100,151,19080,7107,5,9.00E-04,11
100,151,19080,7185,3,0.0052,7
100,151,19080,7252,3,0.0167,19
100,151,19080,7306,3,0.027,3
100,152,91404,6759,3,0.023,5
100,152,91404,6904,2,0.97,4
100,152,91404,6998,2,15,20
100,152,91404,7039,2,84,5
100,153,259200,6487,0,0.036,5
100,153,259200,6541,5,0.18,5
100,153,259200,6630,4,0.31,7
100,153,259200,6650,4,0.29,5
100,153,259200,6673,3,2.8,3
100,153,259200,6846,3,1.01,10
100,153,259200,6867,0,0.108,14
100,153,259200,6901,4,1.18,11
100,153,259200,6943,3,5.1,4
100,153,259200,7023,4,0.8,8
100,153,259200,7083,4,0.16,3
100,154,11664,6898,3,0.0066,8
100,154,11664,7050,2,0.82,6
100,154,11664,7150,2,14.2,3
100,154,11664,7192,2,84.9,5
100,155,72252,6488,3,0.003,5
100,155,72252,6546,2,0.014,20
100,155,72252,6592,2,0.017,20
100,155,72252,6699,2,0.036,20
100,155,72252,6710,2,0.013,10
100,155,72252,6741,3,0.0012,4
100,155,72252,6763,2,0.016,20
100,155,72252,6807,2,0.11,6
100,155,72252,6814,3,0.002,5
100,155,72252,6836,2,0.008,10
100,155,72252,6873,2,0.008,10
100,155,72252,6892,2,0.62,10
100,155,72252,6918,2,0.017,20
100,155,72252,6953,2,0.022,4
100,155,72252,6963,2,5.04,6
100,155,72252,6983,2,0.13,10
100,155,72252,7022,2,93.4,3
100,155,72252,7080,2,0.4,3
100,155,72252,7103,2,0.09,9
100,155,72252,7127,2,0.07,7
100,156,9426,6870,2,1.13,17
100,156,9426,6915,2,7,3
100,157,8683200,6346,5,0.3,10
100,157,8683200,6441,3,2,20
100,157,8683200,6519.5,14,93.6,7
100,157,8683200,6622,0,0.6,6
100,157,8683200,6695,3,3.39,20
100,157,8683200,6752,3,0.58,6
101,147,7,8320,20,15,8
101,147,7,8360,30,5,3
101,148,23.8,8026,10,60,0
101,150,256.2,7550,1,10,0
101,154,1620,7274,5,0.4,11
101,154,1620,7327,4,7.4,19
101,154,1620,7714,8,0.08,3
101,154,1620,7752,8,0.08,3
101,155,4650,7142,5,2.09,15
101,155,4650,7207,2,6.7,4
101,155,4650,7247,5,0.24,5
101,155,4650,7642,8,0.2,5
101,155,4650,7676,8,0.24,5
101,156,19872,7014,6,0.49,11
101,156,19872,7074,1,14,0
101,156,19872,7260,2,0.03,10
101,156,19872,7303,2,0.038,11
101,156,19872,7336,3,0.02,14
101,156,19872,7361,7,0.015,15
101,156,19872,7403,6,0.04,3
101,156,19872,7440,2,0.054,14
101,157,4449600,6697,2,3.4,14
101,157,4449600,6718,2,65.8,13
101,157,4449600,6763,4,20.8,12
101,157,4449600,6788,2,9.9,10
101,157,4449600,6990,2,0.1,10
101,157,4449600,7080,2,0.1,10
101,157,4449600,7159,2,0.1,10
102,149,1.02,8668,16,98,10
102,149,1.02,8668,16,98,10
102,150,2.44,8372,8,17,18
102,150,2.44,8415,6,51,5
102,154,2.91,8402,8,12.9,20
102,154,2.91,8448,6,86.5,20
102,155,24.5,8222,6,71,13
102,155,24.5,8323,7,14,3
102,157,3480,7505,5,75,0
103,152,2.54,8322,0,2.8,8
103,152,2.54,8457,2,37,4
103,152,31.1,8290,5,1.7,6
103,152,31.1,8365,2,93,21
103,152,31.1,8420,10,2.5,25
103,154,4,8810,20,18,20
103,154,4,8870,20,82,20
103,155,3.92,8590,20,29,4
103,155,3.92,8620,20,46,3
103,155,3.92,8650,20,16,3
103,155,3.92,8680,20,6.8,20
104,153,4.1,8968,10,39,3
104,153,4.1,9021,10,49,3
104,155,2.4,8770,20,55,6
104,155,2.4,8870,20,37,4
104,157,2.1,8520,50,27,0
105,155,1.52,9042,14,50,5
105,155,1.52,9075,14,27,5
105,155,1.52,9121,17,18,3
106,154,0.00495,9720,30,5,3
106,154,0.00495,9750,10,24,4
106,159,8.5,8280,50,45,4
106,159,8.5,8520,50,4.4,4
107,153,0.035,1.02E+04,3,100,0
107,165,10.5,8.93E+03,1,25,0
107,165,10.5,9.07E+03,1,75,0
109,167,0.69,9.48E+03,0,5,0
109,167,0.69,9.53E+03,0,5,0
109,167,0.69,9600,10,80,0
109,167,0.69,9.90E+03,0,10,0
110,161,0.00163,10682,20,29,4
110,161,0.00163,10738,20,71,10
111,169,4.4,9280,20,10,0
111,169,4.4,9750,20,10,0
111,169,4.4,9770,10,60,0
111,169,4.4,9820,10,20,0
115,173,0.17,1.03E+04,1,100,0